0.07702319699182758,541,0
10.0,90.0,85.0,32.0,1.0,
0.07558837789390327,351,0
3.0,61.0,82.0,28.0,0.0,
0.07419784623046916,386,0
8.0,105.0,100.0,36.0,1.0,
0.07419784623046916,81,0
7.0,83.0,78.0,26.0,0.0,
0.07405264546190027,289,0
0.0,78.0,88.0,29.0,40.0,36.9,0.434,21.0,0.0,
0.07391465854542506,231,0
1.0,79.0,80.0,25.0,0.0,
0.07375000260680786,75,0
7.0,62.0,78.0,0.0,
0.073572861095131,301,0
5.0,77.0,82.0,41.0,0.0,
0.07353137127807119,105,0
1.0,96.0,122.0,0.0,
0.07331692193920702,595,0
0.0,67.0,76.0,0.0,
0.07331692193920702,108,3
25.0,36.0,37.4,1.0,
0.07331692193920702,736,0
8.0,65.0,72.0,0.0,
0.07331692193920702,504,0
10.0,75.0,82.0,0.0,
0.07331692193920702,272,0
1.0,71.0,78.0,0.0,
0.07331692193920702,402,0
9.0,72.0,78.0,0.0,
0.07310177280649999,482,0
0.0,84.0,82.0,31.0,0.0,
0.0723025249196988,519,0
2.0,68.0,70.0,32.0,0.0,
0.07230140073930935,378,0
0.0,93.0,100.0,0.0,
0.07230140073930935,542,0
4.0,84.0,90.0,0.0,
0.07230140073930935,367,0
3.0,81.0,86.0,0.0,
0.07230140073930935,536,0
0.0,57.0,60.0,0.0,
0.07230140073930935,361,0
5.0,103.0,108.0,0.0,
0.07230140073930935,719,0
4.0,83.0,86.0,0.0,
0.07230140073930935,658,0
3.0,80.0,82.0,1.0,
0.07230140073930935,490,0
2.0,89.0,90.0,0.0,
0.07230140073930935,704,0
6.0,80.0,80.0,0.0,
0.07230140073930935,32,0
6.0,92.0,92.0,0.0,
0.07230140073930935,679,0
2.0,56.0,56.0,0.0,
0.07230140073930935,46,0
2.0,71.0,70.0,0.0,
0.07230140073930935,624,0
4.0,90.0,88.0,0.0,
0.07230140073930935,91,0
7.0,81.0,78.0,0.0,
0.07185213357958786,73,0
1.0,79.0,75.0,0.0,
0.07185213357958786,461,0
8.0,74.0,70.0,0.0,
0.07172440479486408,181,0
1.0,0.0,74.0,20.0,23.0,27.7,0.299,21.0,0.0,
0.07129565470438609,431,0
1.0,80.0,74.0,0.0,
0.07129565470438609,233,0
3.0,74.0,68.0,0.0,
0.07129565470438609,179,0
6.0,87.0,80.0,0.0,
0.07129565470438609,746,0
1.0,81.0,74.0,0.0,
0.07129565470438609,175,0
6.0,85.0,78.0,0.0,
0.07129565470438609,616,0
2.0,68.0,62.0,0.0,
0.07077587263043539,224,0
1.0,87.0,78.0,0.0,
0.07077587263043539,108,0
0.0,95.0,85.0,1.0,
0.07026468409160636,569,0
3.0,78.0,70.0,0.0,
0.06971146398492334,673,0
8.0,91.0,82.0,0.0,
0.06936255132879965,671,0
10.0,68.0,106.0,23.0,49.0,35.5,0.285,0.0,
0.06833611279013685,102,0
1.0,81.0,72.0,0.0,
0.06833611279013685,251,0
2.0,90.0,80.0,0.0,
0.06833611279013685,496,0
2.0,81.0,72.0,0.0,
0.06833611279013685,543,0
1.0,88.0,78.0,0.0,
0.06833611279013685,56,0
0.0,100.0,88.0,0.0,
0.06833611279013685,462,0
5.0,88.0,78.0,0.0,
0.06833611279013685,563,0
0.0,91.0,80.0,0.0,
0.06833611279013685,409,0
6.0,102.0,90.0,0.0,
0.06761763047447727,460,0
1.0,71.0,62.0,0.0,
0.06761763047447727,132,0
8.0,84.0,74.0,0.0,
0.06761763047447727,349,0
4.0,92.0,80.0,0.0,
0.06761763047447727,217,0
5.0,85.0,74.0,1.0,
0.06761763047447727,353,0
3.0,90.0,78.0,0.0,
0.06761763047447727,428,0
1.0,95.0,82.0,1.0,
0.06736852204491078,41,0
7.0,106.0,92.0,0.0,
0.06736852204491078,535,0
0.0,105.0,90.0,0.0,
0.06736852204491078,176,0
0.0,129.0,110.0,1.0,
0.06736852204491078,111,0
1.0,89.0,76.0,0.0,
0.06736852204491078,500,0
3.0,84.0,72.0,0.0,
0.06736852204491078,558,0
11.0,85.0,74.0,0.0,
0.06658792719793549,173,0
2.0,75.0,64.0,0.0,
0.06658792719793549,397,0
3.0,82.0,70.0,0.0,
0.06658792719793549,302,0
5.0,115.0,98.0,1.0,
0.06658792719793549,723,0
1.0,111.0,94.0,0.0,
0.06658792719793549,639,0
0.0,102.0,86.0,0.0,
0.06658792719793549,446,0
0.0,95.0,80.0,0.0,
0.06658792719793549,66,0
2.0,109.0,92.0,0.0,
0.06658792719793549,327,0
2.0,102.0,86.0,1.0,
0.0655695192086852,463,0
10.0,115.0,98.0,0.0,
0.0655695192086852,91,3
40.0,48.0,46.7,0.0,
0.0655695192086852,157,0
2.0,88.0,74.0,0.0,
0.0655695192086852,375,0
0.0,98.0,82.0,0.0,
0.0655695192086852,20,0
8.0,99.0,84.0,0.0,
0.0655695192086852,269,0
10.0,101.0,86.0,1.0,
0.06546118851653232,509,0
12.0,84.0,72.0,1.0,
0.06546118851653232,9,0
4.0,110.0,92.0,0.0,
0.06546118851653232,430,0
3.0,89.0,74.0,0.0,
0.06546118851653232,620,0
2.0,92.0,76.0,0.0,
0.06546118851653232,657,0
11.0,127.0,106.0,0.0,
0.06546118851653232,744,0
12.0,100.0,84.0,0.0,
0.06546118851653232,417,0
1.0,83.0,68.0,0.0,
0.06546118851653232,357,0
12.0,88.0,74.0,0.0,
0.06546118851653232,599,0
1.0,108.0,88.0,0.0,
0.06546118851653232,438,0
6.0,107.0,88.0,0.0,
0.06546118851653232,615,0
6.0,117.0,96.0,0.0,
0.06546118851653232,309,0
6.0,80.0,66.0,0.0,
0.06546118851653232,182,0
5.0,73.0,60.0,0.0,
0.06546118851653232,672,0
3.0,123.0,100.0,0.0,
0.06546118851653232,65,0
0.0,109.0,88.0,1.0,
0.06546118851653232,503,0
3.0,96.0,78.0,0.0,
0.06546118851653232,112,0
4.0,76.0,62.0,0.0,
0.06546118851653232,168,0
3.0,111.0,90.0,0.0,
0.06546118851653232,636,0
2.0,94.0,76.0,0.0,
0.06546118851653232,550,0
3.0,84.0,68.0,0.0,
0.06546118851653232,315,0
3.0,99.0,80.0,0.0,
0.06546118851653232,128,0
0.0,105.0,84.0,1.0,
0.06456227502647721,169,0
6.0,102.0,82.0,1.0,
0.06456227502647721,252,0
0.0,86.0,68.0,0.0,
0.06456227502647721,440,0
2.0,83.0,66.0,0.0,
0.06258076672403118,83,0
5.0,137.0,108.0,1.0,
0.06258076672403118,561,0
1.0,87.0,68.0,0.0,
0.06258076672403118,449,0
1.0,82.0,64.0,0.0,
0.06258076672403118,456,0
5.0,86.0,68.0,0.0,
0.06258076672403118,489,0
2.0,83.0,65.0,0.0,
0.06206997898995448,28,0
5.0,117.0,92.0,0.0,
0.06206997898995448,340,0
1.0,95.0,74.0,0.0,
0.06160625395578445,49,0
1.0,103.0,80.0,0.0,
0.06113105053653234,596,3
19.0,25.0,27.8,0.0,
0.061095984961763605,0,0
1.0,85.0,66.0,0.0,
0.06064240753958333,248,0
1.0,111.0,86.0,0.0,
0.06064240753958333,148,0
2.0,90.0,70.0,0.0,
0.06031375936755334,61,0
5.0,44.0,62.0,0.0,
0.060132752966438996,718,0
5.0,97.0,76.0,1.0,
0.05968910983044806,101,0
0.0,125.0,96.0,0.0,
0.05968910983044806,637,0
7.0,97.0,76.0,1.0,
0.05968910983044806,499,0
2.0,117.0,90.0,0.0,
0.05968910983044806,368,0
1.0,133.0,102.0,1.0,
0.05962504615609154,624,3
47.0,54.0,37.7,0.362,29.0,0.0,
0.05953282113818381,145,0
9.0,57.0,80.0,0.0,
0.05918016303030266,531,0
1.0,86.0,66.0,0.0,
0.05918016303030266,630,0
0.0,102.0,78.0,0.0,
0.05918016303030266,186,0
1.0,128.0,98.0,1.0,
0.05867615417691713,619,0
2.0,112.0,86.0,0.0,
0.05848729654109208,259,0
3.0,191.0,68.0,15.0,0.0,
0.05803764514357923,224,3
27.0,32.0,34.6,0.0,
0.05730644240863786,140,0
5.0,106.0,82.0,0.0,
0.05730644240863786,371,0
0.0,84.0,64.0,0.0,
0.056385084529309015,345,0
1.0,139.0,46.0,19.0,0.0,
0.055979140571024766,551,0
6.0,114.0,88.0,0.0,
0.055979140571024766,103,0
2.0,85.0,65.0,0.0,
0.055979140571024766,553,0
1.0,84.0,64.0,0.0,
0.055979140571024766,240,0
4.0,91.0,70.0,0.0,
0.055979140571024766,264,0
5.0,96.0,74.0,0.0,
0.055979140571024766,118,0
4.0,99.0,76.0,0.0,
0.055979140571024766,475,0
2.0,105.0,80.0,1.0,
0.055979140571024766,172,0
1.0,79.0,60.0,0.0,
0.0553281880900362,433,0
1.0,90.0,68.0,0.0,
0.0553281880900362,225,0
0.0,101.0,76.0,0.0,
0.0553281880900362,8,0
8.0,125.0,96.0,1.0,
0.05468342646241886,62,0
2.0,141.0,58.0,0.0,
0.05468342646241886,760,0
9.0,170.0,74.0,1.0,
0.054407508012347616,53,0
7.0,150.0,66.0,0.0,
0.05436283295211419,39,0
3.0,180.0,64.0,25.0,0.0,
0.05401695756497826,300,0
2.0,144.0,58.0,1.0,
0.05401695756497826,355,0
1.0,125.0,50.0,1.0,
0.05401695756497826,455,0
1.0,135.0,54.0,0.0,
0.053926121328009835,127,0
1.0,117.0,88.0,1.0,
0.053926121328009835,37,0
2.0,90.0,68.0,1.0,
0.053926121328009835,766,0
1.0,93.0,70.0,0.0,
0.0539247231572596,424,0
4.0,184.0,78.0,1.0,
0.053808315958746966,517,0
13.0,76.0,60.0,0.0,
0.053808315958746966,622,0
0.0,94.0,70.0,0.0,
0.053808315958746966,76,0
5.0,95.0,72.0,0.0,
0.053808315958746966,297,0
14.0,100.0,78.0,1.0,
0.05369665205232321,10,0
10.0,168.0,74.0,1.0,
0.053659112258524044,612,0
6.0,105.0,80.0,0.0,
0.053659112258524044,451,0
0.0,91.0,68.0,0.0,
0.0535813060040099,100,0
1.0,151.0,60.0,0.0,
0.0535813060040099,709,0
3.0,158.0,64.0,0.0,
0.05327441270198041,79,0
3.0,113.0,44.0,13.0,0.0,
0.05327441270198041,234,0
4.0,171.0,72.0,1.0,
0.053183550742514574,348,1
0.0,80.0,32.0,1.0,
0.05305695219414441,129,0
4.0,173.0,70.0,1.0,
0.05305695219414441,102,3
18.0,40.0,26.6,0.0,
0.05305695219414441,408,0
1.0,172.0,68.0,1.0,
0.05305695219414441,222,0
7.0,142.0,60.0,0.0,
0.05301826940498677,109,0
3.0,171.0,72.0,1.0,
0.05301826940498677,740,0
3.0,102.0,44.0,0.0,
0.05301826940498677,677,0
3.0,121.0,52.0,1.0,
0.05301826940498677,130,0
9.0,122.0,56.0,1.0,
0.05301826940498677,13,0
5.0,166.0,72.0,1.0,
0.05301826940498677,373,0
2.0,122.0,52.0,0.0,
0.05301826940498677,74,1
0.0,48.0,20.0,0.0,
0.05301826940498677,214,0
12.0,151.0,70.0,1.0,
0.052952859028911226,110,0
8.0,155.0,62.0,26.0,1.0,
0.052722919670581736,316,0
3.0,182.0,74.0,1.0,
0.052621074140006385,242,0
6.0,119.0,50.0,1.0,
0.052621074140006385,669,0
6.0,165.0,68.0,0.0,
0.052621074140006385,545,0
5.0,187.0,76.0,1.0,
0.05242917089209853,582,0
8.0,100.0,76.0,0.0,
0.05231185125721649,12,0
1.0,189.0,60.0,23.0,1.0,
0.05210923488661834,431,3
11.0,60.0,30.0,0.0,
0.05210923488661834,191,0
7.0,159.0,66.0,1.0,
0.05210923488661834,153,0
8.0,188.0,78.0,1.0,
0.05210923488661834,198,0
4.0,148.0,60.0,1.0,
0.052069311329309975,2,0
1.0,89.0,66.0,0.0,
0.052069311329309975,716,0
10.0,94.0,72.0,0.0,
0.052069311329309975,638,0
1.0,100.0,74.0,0.0,
0.052069311329309975,419,0
1.0,119.0,88.0,0.0,
0.052069311329309975,283,0
2.0,108.0,80.0,1.0,
0.052069311329309975,343,0
8.0,95.0,72.0,0.0,
0.052069311329309975,98,0
1.0,122.0,90.0,1.0,
0.05206786204969116,205,0
8.0,196.0,76.0,29.0,1.0,
0.05198456885384578,77,2
0.0,0.0,0.0,43.2,0.27,26.0,1.0,
0.05181129547752861,497,0
7.0,195.0,70.0,33.0,1.0,
0.051673259699238194,143,0
4.0,154.0,62.0,0.0,
0.051673259699238194,488,0
8.0,194.0,80.0,0.0,
0.05156591451213438,144,0
0.0,102.0,75.0,0.0,
0.05156591451213438,51,0
5.0,88.0,66.0,0.0,
0.05156591451213438,570,0
2.0,130.0,96.0,0.0,
0.05129729185739029,305,0
10.0,161.0,68.0,23.0,1.0,
0.05124148049201449,294,0
6.0,151.0,62.0,0.0,
0.051236794876722946,184,0
7.0,194.0,68.0,28.0,1.0,
0.051236794876722946,514,0
3.0,163.0,70.0,1.0,
0.051211271935063696,228,2
80.0,31.0,53.0,45.2,0.089,24.0,0.0,
0.05117371791639069,400,0
6.0,137.0,61.0,0.0,
0.051074904445973124,265,2
0.0,0.0,0.0,36.3,0.933,25.0,1.0,
0.051074904445973124,434,2
0.0,0.0,0.0,42.4,0.205,29.0,1.0,
0.05106718667546434,209,0
2.0,81.0,60.0,0.0,
0.05081386246401043,747,0
3.0,187.0,70.0,22.0,1.0,
0.050737698601736825,106,0
4.0,144.0,58.0,0.0,
0.05057545227642957,610,0
3.0,174.0,58.0,22.0,1.0,
0.05054372361482795,274,3
52.0,57.0,40.5,0.677,0.0,
0.050478442003916046,111,3
34.0,37.0,31.2,0.192,0.0,
0.05025002660898714,358,0
1.0,196.0,76.0,1.0,
0.0499523652917887,511,0
9.0,91.0,68.0,0.0,
0.0499523652917887,437,0
1.0,97.0,70.0,0.0,
0.0499523652917887,555,0
1.0,97.0,70.0,0.0,
0.049823333372815526,597,0
1.0,173.0,74.0,1.0,
0.049823333372815526,360,0
5.0,158.0,70.0,0.0,
0.04981423080673353,318,0
6.0,194.0,78.0,1.0,
0.049722335356405134,64,0
5.0,99.0,74.0,0.0,
0.04953129678397866,238,0
0.0,104.0,76.0,0.0,
0.04953129678397866,589,0
11.0,111.0,84.0,1.0,
0.04941705727187096,398,0
3.0,193.0,70.0,31.0,1.0,
0.049394934337448404,51,4
23.0,24.4,0.342,0.0,
0.049394934337448404,533,0
1.0,77.0,56.0,0.0,
0.049394934337448404,332,0
12.0,106.0,80.0,0.0,
0.049394934337448404,722,0
5.0,117.0,86.0,0.0,
0.049394934337448404,738,0
1.0,102.0,74.0,1.0,
0.049394934337448404,36,0
9.0,102.0,76.0,1.0,
0.049394934337448404,286,0
1.0,119.0,86.0,1.0,
0.049338226373371485,404,0
2.0,123.0,48.0,0.0,
0.04929836668227461,67,2
66.0,13.0,38.0,19.6,0.334,25.0,0.0,
0.04917162020485499,420,0
2.0,94.0,68.0,0.0,
0.04917162020485499,539,0
8.0,100.0,74.0,1.0,
0.04917162020485499,445,0
1.0,100.0,72.0,0.0,
0.04917162020485499,713,0
3.0,102.0,74.0,0.0,
0.04917162020485499,487,0
4.0,99.0,72.0,0.0,
0.04917162020485499,313,0
7.0,109.0,80.0,1.0,
0.04917162020485499,480,0
0.0,123.0,88.0,0.0,
0.04917162020485499,757,0
1.0,106.0,76.0,0.0,
0.04895125662042432,494,0
6.0,166.0,74.0,0.0,
0.04884305467875011,689,0
8.0,107.0,80.0,0.0,
0.04884305467875011,261,0
4.0,95.0,70.0,0.0,
0.04884305467875011,762,0
10.0,101.0,76.0,0.0,
0.04884305467875011,565,0
1.0,99.0,72.0,0.0,
0.04861685441840358,322,4
29.0,26.8,0.731,1.0,
0.04844825069693637,575,0
6.0,108.0,44.0,20.0,0.0,
0.04844825069693637,312,0
3.0,113.0,50.0,0.0,
0.04843809542569255,45,0
1.0,146.0,56.0,0.0,
0.04843076785653333,43,0
7.0,159.0,64.0,0.0,
0.04843076785653333,241,0
3.0,139.0,54.0,1.0,
0.04843076785653333,174,0
8.0,179.0,72.0,1.0,
0.048398416564070124,301,4
42.0,35.8,0.156,0.0,
0.048398416564070124,15,0
0.0,118.0,84.0,1.0,
0.048398416564070124,664,0
1.0,112.0,80.0,0.0,
0.048398416564070124,530,0
0.0,107.0,76.0,0.0,
0.04831549758572695,606,0
1.0,92.0,62.0,25.0,41.0,19.5,0.482,25.0,0.0,
0.048253173665681326,483,2
0.0,0.0,0.0,44.2,0.63,31.0,1.0,
0.048253173665681326,534,2
0.0,0.0,0.0,32.9,0.302,23.0,1.0,
0.04817188123569993,454,0
14.0,175.0,62.0,30.0,1.0,
0.048075559424765824,213,0
9.0,112.0,82.0,1.0,
0.048075559424765824,617,0
9.0,112.0,82.0,1.0,
0.048075559424765824,733,0
2.0,105.0,75.0,0.0,
0.04800295438192925,660,0
1.0,199.0,76.0,1.0,
0.047846359253716664,172,4
48.0,43.5,0.678,0.0,
0.04771903026045643,706,0
2.0,127.0,46.0,21.0,0.0,
0.04757901631094075,695,0
3.0,169.0,74.0,1.0,
0.04757901631094075,605,0
1.0,181.0,78.0,1.0,
0.04757332744773668,199,0
0.0,113.0,80.0,0.0,
0.04755220143419381,158,0
17.0,163.0,72.0,41.0,1.0,
0.04755220143419381,585,0
8.0,143.0,66.0,1.0,
0.04732143095891933,486,1
173.0,78.0,32.0,265.0,46.5,0.0,
0.04727097557915061,538,0
3.0,129.0,92.0,1.0,
0.04727097557915061,160,0
7.0,102.0,74.0,0.0,
0.04727097557915061,598,0
1.0,109.0,38.0,18.0,0.0,
0.04724215144374888,552,0
1.0,88.0,62.0,24.0,44.0,29.9,0.422,23.0,0.0,
0.04687441865845304,746,4
57.0,46.3,1.096,0.0,
0.0468645393781153,334,1
165.0,76.0,43.0,255.0,47.9,0.0,
0.04658566601353448,714,0
7.0,187.0,50.0,33.0,1.0,
0.04647509663260019,465,0
0.0,74.0,52.0,0.0,
0.04647509663260019,133,0
2.0,96.0,68.0,0.0,
0.04647509663260019,161,0
0.0,114.0,80.0,0.0,
0.04647509663260019,202,0
2.0,99.0,70.0,0.0,
0.04647509663260019,426,0
1.0,181.0,64.0,30.0,1.0,
0.046243504159589555,292,0
1.0,128.0,48.0,1.0,
0.04597693390896013,135,0
0.0,100.0,70.0,0.0,
0.04597693390896013,239,0
1.0,91.0,64.0,0.0,
0.04573689896624711,646,0
0.0,179.0,50.0,36.0,1.0,
0.04538180971976191,219,0
0.0,177.0,60.0,29.0,1.0,
0.04538180971976191,185,0
8.0,181.0,68.0,36.0,1.0,
0.0453808575215951,616,4
15.0,20.1,0.257,0.0,
0.04472085912486057,113,0
7.0,160.0,54.0,32.0,1.0,
0.044643664228299296,465,4
36.0,27.8,0.269,0.0,
0.04464366422829924,479,0
3.0,158.0,70.0,1.0,
0.04464366422829924,712,0
0.0,134.0,58.0,0.0,
0.044572871181039544,667,1
98.0,58.0,33.0,190.0,34.0,0.0,
0.044536243656070895,618,2
0.0,0.0,0.0,32.4,0.141,24.0,1.0,
0.04451784246293122,560,0
0.0,198.0,66.0,32.0,1.0,
0.04441528829784169,415,0
1.0,97.0,68.0,0.0,
0.04434219017625887,192,2
0.0,0.0,0.0,52.3,0.578,40.0,1.0,
0.04412573580516088,359,0
5.0,189.0,64.0,33.0,1.0,
0.04409597033772594,594,0
0.0,188.0,82.0,1.0,
0.04404521340224238,30,1
158.0,76.0,36.0,245.0,31.6,1.0,
0.04398118440926507,444,0
0.0,180.0,78.0,1.0,
0.04398118440926507,244,0
9.0,184.0,85.0,1.0,
0.04398118440926507,165,0
3.0,148.0,66.0,0.0,
0.04398118440926507,413,0
0.0,138.0,60.0,1.0,
0.04398118440926507,208,0
7.0,184.0,84.0,1.0,
0.0438333490878179,149,1
136.0,74.0,50.0,204.0,37.4,0.0,
0.0438302241140025,50,2
50.0,15.0,36.0,24.2,0.526,26.0,0.0,
0.04373083498489361,531,3
52.0,65.0,41.3,0.917,0.0,
0.04355230415885253,227,0
4.0,197.0,70.0,39.0,0.0,
0.04355230415885253,55,0
7.0,187.0,68.0,39.0,1.0,
0.04346398851728894,356,0
13.0,129.0,0.0,30.0,0.0,1.0,
0.043448345502673624,394,1
127.0,58.0,24.0,275.0,27.7,0.0,
0.04337966739447913,711,0
10.0,129.0,62.0,1.0,
0.04335968240408605,99,0
1.0,163.0,72.0,1.0,
0.04325268141816241,654,0
2.0,155.0,52.0,27.0,1.0,
0.04311619030066749,352,0
1.0,90.0,62.0,12.0,43.0,27.2,0.58,24.0,0.0,
0.0431151784174969,342,0
5.0,122.0,86.0,0.0,
0.0431151784174969,19,0
3.0,126.0,88.0,0.0,
0.0431151784174969,590,0
2.0,112.0,78.0,0.0,
0.043097518795025505,363,1
147.0,74.0,25.0,293.0,34.9,0.0,
0.043097518795025505,611,1
168.0,88.0,42.0,321.0,38.2,1.0,
0.0429667094035458,226,0
3.0,162.0,52.0,38.0,1.0,
0.04288778346952005,635,0
5.0,104.0,74.0,0.0,
0.04288778346952005,690,0
13.0,158.0,114.0,1.0,
0.04288778346952005,730,0
8.0,120.0,86.0,1.0,
0.042623637093165245,427,0
0.0,135.0,94.0,0.0,
0.042623637093165245,164,0
6.0,104.0,74.0,1.0,
0.042623637093165245,274,0
2.0,100.0,70.0,0.0,
0.042623637093165245,643,0
3.0,103.0,72.0,0.0,
0.04260323063966401,609,1
106.0,54.0,21.0,158.0,30.9,0.0,
0.04256729362330258,458,2
74.0,33.0,60.0,25.9,0.46,0.0,
0.042456699358726965,131,1
170.0,64.0,37.0,225.0,34.5,1.0,
0.042429362338066046,70,0
5.0,139.0,64.0,0.0,
0.042429362338066046,652,0
2.0,120.0,54.0,0.0,
0.042429362338066046,390,0
5.0,166.0,76.0,1.0,
0.042429362338066046,715,0
3.0,173.0,78.0,1.0,
0.042365401049187165,414,1
173.0,84.0,33.0,474.0,35.7,1.0,
0.042365401049187165,374,1
140.0,82.0,43.0,325.0,39.2,1.0,
0.04228652335226629,6,2
0.0,0.0,0.0,35.3,0.134,29.0,0.0,
0.042136650514985,571,2
58.0,31.0,44.0,29.5,0.43,0.0,
0.04207236511385237,44,0
0.0,180.0,66.0,1.0,
0.04200380158998841,484,1
135.0,68.0,42.0,250.0,42.3,1.0,
0.04200380158998841,717,1
108.0,60.0,46.0,178.0,35.5,0.0,
0.041887969973593536,732,1
106.0,56.0,27.0,165.0,29.0,0.0,
0.04180992426514042,720,1
114.0,66.0,36.0,200.0,38.1,0.0,
0.04180992426514042,607,1
152.0,82.0,39.0,272.0,41.5,0.0,
0.041806914683786944,249,0
9.0,106.0,52.0,0.0,
0.041705540823657405,21,0
7.0,196.0,90.0,1.0,
0.041705540823657405,645,0
1.0,167.0,74.0,1.0,
0.041705540823657405,104,0
1.0,126.0,56.0,0.0,
0.04170418508064733,574,0
1.0,119.0,44.0,0.0,
0.04128723917025161,644,1
157.0,74.0,35.0,440.0,39.4,0.0,
0.041243620107244194,257,0
1.0,193.0,50.0,16.0,0.0,
0.041176555639680965,319,1
129.0,60.0,12.0,231.0,27.5,0.0,
0.0411501683901907,710,4
22.0,29.6,0.439,0.0,
0.04114140941037281,107,0
3.0,83.0,58.0,0.0,
0.041133797928796845,171,0
2.0,87.0,0.0,23.0,0.0,0.0,
0.0410969018059672,485,0
1.0,139.0,62.0,0.0,
0.0410969018059672,235,0
7.0,181.0,84.0,1.0,
0.041076938222871506,547,2
82.0,43.0,67.0,32.8,0.341,50.0,0.0,
0.04106974969451943,461,3
40.0,49.0,35.3,0.705,0.0,
0.04106974969451943,85,2
72.0,54.0,0.0,0.0,
0.04091239007177459,230,1
134.0,80.0,37.0,370.0,46.2,1.0,
0.04091239007177459,391,1
131.0,64.0,14.0,415.0,23.7,0.0,
0.04091239007177459,506,1
130.0,60.0,23.0,170.0,28.6,0.0,
0.04057451086003258,369,1
173.0,82.0,48.0,465.0,38.4,1.0,
0.04047746270583974,403,0
5.0,168.0,64.0,1.0,
0.04046900790680122,260,0
3.0,141.0,0.0,1.0,
0.04042717293795134,94,1
144.0,72.0,27.0,228.0,33.9,0.0,
0.040327313949699184,3,0
0.0,137.0,40.0,35.0,1.0,
0.04021134166894974,272,4
45.0,33.2,0.422,0.0,
0.040191542293099555,583,1
124.0,76.0,24.0,600.0,28.7,1.0,
0.040191542293099555,285,1
155.0,84.0,44.0,545.0,38.7,0.0,
0.040191542293099555,247,1
124.0,70.0,33.0,402.0,35.4,0.0,
0.040191542293099555,152,1
153.0,82.0,42.0,485.0,40.6,0.0,
0.040191542293099555,752,1
181.0,88.0,44.0,510.0,43.3,1.0,
0.04000618084473191,295,1
146.0,70.0,38.0,360.0,28.0,1.0,
0.04000618084473191,702,0
2.0,129.0,0.0,0.0,
0.03976534776937625,325,1
122.0,64.0,32.0,156.0,35.1,1.0,
0.03976534776937625,188,3
35.0,160.0,31.6,1.0,
0.03976534776937625,222,3
33.0,190.0,28.8,0.0,
0.03976534776937625,346,0
3.0,116.0,0.0,0.0,
0.03976534776937625,59,0
2.0,84.0,0.0,0.0,
0.03976534776937625,53,3
42.0,342.0,34.7,0.0,
0.03976534776937625,603,0
4.0,183.0,0.0,1.0,
0.03976534776937625,429,0
2.0,99.0,0.0,0.0,
0.03970323497975779,395,1
96.0,56.0,34.0,115.0,24.7,0.0,
0.03967065919174448,593,1
123.0,72.0,45.0,230.0,33.6,0.0,
0.039670162404751505,510,1
139.0,62.0,17.0,210.0,22.1,0.0,
0.039670162404751505,58,1
105.0,64.0,41.0,142.0,41.5,0.0,
0.03947449801801105,246,1
165.0,90.0,33.0,680.0,52.3,0.0,
0.03947449801801105,678,1
101.0,58.0,17.0,265.0,24.2,0.0,
0.03945767908959119,748,0
6.0,162.0,62.0,1.0,
0.03945767908959119,326,0
10.0,179.0,70.0,0.0,
0.03929543589949125,643,3
30.0,152.0,27.6,0.0,
0.03929543589949125,5,3
32.0,88.0,31.0,1.0,
0.03929543589949125,452,0
2.0,119.0,0.0,0.0,
0.03929543589949125,498,3
32.0,193.0,29.3,0.0,
0.03921955627056539,299,0
0.0,167.0,0.0,0.0,1.0,
0.03921955627056539,335,0
0.0,117.0,0.0,0.0,0.0,
0.03921955627056539,425,0
0.0,94.0,0.0,0.0,0.0,
0.03921955627056539,588,0
0.0,73.0,0.0,0.0,0.0,
0.03921955627056539,696,0
0.0,99.0,0.0,0.0,0.0,
0.03906559696802274,715,3
39.0,185.0,33.8,1.0,
0.03906559696802274,459,3
22.0,56.0,20.8,0.0,
0.03906559696802274,754,3
39.0,110.0,36.5,1.0,
0.03906559696802274,328,3
32.0,68.0,30.8,0.0,
0.03906559696802274,619,3
42.0,160.0,38.4,0.0,
0.03906559696802274,418,3
29.0,115.0,26.4,1.0,
0.03906559696802274,292,3
45.0,194.0,40.5,1.0,
0.03906559696802274,7,3
45.0,543.0,30.5,1.0,
0.03906559696802274,515,3
34.0,165.0,30.3,1.0,
0.03906559696802274,80,0
2.0,74.0,0.0,0.0,
0.039006470786319594,268,0
2.0,146.0,0.0,1.0,
0.039006470786319594,300,3
33.0,135.0,31.6,1.0,
0.03897888160035984,376,0
1.0,87.0,60.0,0.0,
0.0388853706988046,707,0
9.0,164.0,78.0,1.0,
0.03883742249538576,628,4
0.0,24.7,0.148,21.0,0.0,
0.03883742249538576,625,4
0.0,24.7,0.206,21.0,0.0,
0.03876128210549705,694,1
142.0,90.0,24.0,480.0,30.4,1.0,
0.038750304941606695,121,0
2.0,107.0,74.0,0.0,
0.038750304941606695,382,0
1.0,90.0,62.0,0.0,
0.038750304941606695,724,0
4.0,112.0,78.0,0.0,
0.038750304941606695,754,0
1.0,128.0,88.0,1.0,
0.03858919058416799,407,0
8.0,197.0,74.0,1.0,
0.03858855844891315,138,1
105.0,72.0,29.0,325.0,36.9,0.0,
0.038554252716089366,634,1
104.0,72.0,0.0,1.0,
0.03853642722771462,215,1
109.0,62.0,41.0,129.0,35.8,1.0,
0.03853570587040891,156,1
109.0,56.0,21.0,135.0,25.2,0.0,
0.03845955204731677,194,3
41.0,210.0,39.4,1.0,
0.03845955204731677,317,3
39.0,140.0,38.1,0.0,
0.03845955204731677,19,3
41.0,235.0,39.3,0.0,
0.03845955204731677,424,3
39.0,277.0,37.0,1.0,
0.03845955204731677,605,3
42.0,293.0,40.0,1.0,
0.03845955204731677,98,3
51.0,220.0,49.7,1.0,
0.03845955204731677,15,3
47.0,230.0,45.8,1.0,
0.038369778011041786,744,3
33.0,105.0,30.0,0.0,
0.038369778011041786,554,3
33.0,215.0,25.5,0.0,
0.038369778011041786,493,0
3.0,80.0,0.0,0.0,
0.038369778011041786,97,3
30.0,64.0,28.7,0.0,
0.0383154504023515,525,3
19.0,82.0,18.2,0.0,
0.0383154504023515,408,3
49.0,579.0,42.4,1.0,
0.0383154504023515,687,3
26.0,180.0,24.1,0.0,
0.03830072085604701,423,1
151.0,78.0,32.0,210.0,42.9,1.0,
0.0382704756309984,410,1
112.0,72.0,30.0,176.0,34.4,0.0,
0.0382704756309984,540,1
128.0,72.0,25.0,190.0,32.4,1.0,
0.0382704756309984,310,1
106.0,70.0,37.0,148.0,39.4,0.0,
0.0382704756309984,592,1
82.0,52.0,22.0,115.0,28.5,0.0,
0.03826673581272795,457,1
148.0,84.0,48.0,237.0,37.6,1.0,
0.0382651762153966,7,0
2.0,197.0,70.0,1.0,
0.0382651762153966,578,0
2.0,197.0,70.0,1.0,
0.038220015432005094,331,0
1.0,180.0,0.0,0.0,1.0,
0.03790407138532137,384,0
1.0,119.0,54.0,0.0,
0.03789164999389827,16,1
107.0,74.0,0.0,1.0,
0.03781622643126119,642,2
0.0,0.0,0.0,28.0,0.61,0.0,
0.03781622643126119,532,2
0.0,0.0,0.0,29.8,0.501,0.0,
0.03781622643126119,14,2
0.0,0.0,0.0,30.0,0.484,1.0,
0.03781622643126119,221,2
0.0,0.0,0.0,25.2,0.209,0.0,
0.03781622643126119,600,2
0.0,0.0,0.0,23.7,0.19,0.0,
0.03781622643126119,467,2
0.0,0.0,0.0,30.0,0.183,1.0,
0.03780154572149933,307,1
128.0,68.0,19.0,180.0,30.5,1.0,
0.037776119539384645,330,3
16.0,52.0,32.7,0.0,
0.037776119539384645,212,0
0.0,140.0,65.0,1.0,
0.03776238562460285,70,3
35.0,140.0,28.6,0.0,
0.03776238562460285,656,3
48.0,200.0,38.9,0.0,
0.03776238562460285,373,3
43.0,158.0,36.2,0.0,
0.03775415138558935,735,0
0.0,126.0,86.0,0.0,
0.03774236515164142,686,0
1.0,107.0,50.0,0.0,
0.03767791419679567,38,1
111.0,72.0,47.0,207.0,37.1,1.0,
0.03767791419679567,34,1
103.0,60.0,33.0,192.0,24.0,0.0,
0.03755422850163437,308,1
124.0,68.0,28.0,205.0,32.9,1.0,
0.03755422850163437,52,1
176.0,90.0,34.0,300.0,33.7,1.0,
0.03752976558235357,241,4
0.0,25.6,0.402,22.0,1.0,
0.03752976558235357,100,4
0.0,26.1,0.179,22.0,0.0,
0.03752976558235357,381,1
109.0,60.0,8.0,182.0,25.4,0.0,
0.03752976558235357,608,1
111.0,62.0,13.0,182.0,24.0,0.0,
0.037520346653321324,71,1
126.0,90.0,0.0,1.0,
0.037520346653321324,761,1
89.0,62.0,0.0,0.0,
0.037346439347653373,427,3
46.0,145.0,40.6,0.0,
0.037346439347653373,146,3
35.0,119.0,30.5,0.0,
0.037346439347653373,355,3
40.0,167.0,33.3,1.0,
0.03722926947730243,672,3
35.0,240.0,57.3,0.88,22.0,0.0,
0.03721439745819494,464,0
0.0,124.0,56.0,0.0,
0.03721439745819494,721,0
1.0,149.0,68.0,1.0,
0.03721439745819494,567,0
4.0,154.0,72.0,0.0,
0.03721439745819494,87,0
15.0,136.0,70.0,1.0,
0.03721439745819494,324,0
1.0,157.0,72.0,0.0,
0.03718436607127734,498,0
6.0,154.0,74.0,0.0,
0.03718436607127734,544,0
8.0,186.0,90.0,1.0,
0.037159481435426855,523,0
3.0,125.0,58.0,0.0,
0.037159481435426855,258,0
11.0,155.0,76.0,1.0,
0.0371437229187343,579,5
42.1,0.371,21.0,1.0,
0.03710782301346188,89,0
1.0,80.0,55.0,0.0,
0.03710128728288897,518,0
6.0,129.0,90.0,0.0,
0.03710128728288897,697,0
4.0,127.0,88.0,0.0,
0.037099841524707494,688,1
144.0,82.0,46.0,180.0,46.1,1.0,
0.03707110559323313,546,1
131.0,68.0,21.0,166.0,33.1,0.0,
0.03699002963701034,243,1
146.0,76.0,35.0,194.0,38.2,0.0,
0.03699002963701034,160,3
40.0,105.0,37.2,0.0,
0.0368644809436639,542,4
56.0,39.5,0.159,0.0,
0.0368644809436639,255,2
56.0,39.0,0.0,0.0,
0.036845586961007065,573,1
143.0,86.0,30.0,330.0,30.1,0.0,
0.036845586961007065,387,1
144.0,82.0,26.0,285.0,32.0,1.0,
0.036792727499430536,699,1
122.0,76.0,27.0,200.0,35.9,0.0,
0.036792727499430536,291,1
128.0,78.0,37.0,182.0,43.3,1.0,
0.0367291334158914,338,0
7.0,178.0,84.0,1.0,
0.03672273612693694,556,1
110.0,76.0,0.0,0.0,
0.03652784714146301,377,0
4.0,156.0,75.0,1.0,
0.03652784714146301,758,0
6.0,190.0,92.0,1.0,
0.03652784714146301,119,0
0.0,162.0,76.0,1.0,
0.03652784714146301,680,0
0.0,162.0,76.0,1.0,
0.036495824265571894,78,4
0.0,25.0,0.307,24.0,0.0,
0.036491385433185516,537,3
37.0,210.0,36.3,0.0,
0.036491385433185516,539,3
40.0,215.0,39.4,1.0,
0.036454933395893785,516,1
125.0,86.0,0.0,0.0,
0.03639545694704219,323,4
0.0,35.7,0.148,21.0,0.0,
0.03637993139335213,119,3
56.0,100.0,53.2,1.0,
0.03634441794910784,267,4
0.0,25.1,0.078,21.0,0.0,
0.03634441794910784,232,4
0.0,35.0,0.394,29.0,0.0,
0.03630614928105022,411,1
143.0,84.0,23.0,310.0,42.4,0.0,
0.03630614928105022,126,3
36.0,94.0,33.3,0.0,
0.03630614928105022,661,3
46.0,231.0,37.6,1.0,
0.03630614928105022,413,3
35.0,167.0,34.6,1.0,
0.03630614928105022,544,3
35.0,225.0,34.5,1.0,
0.03630614928105022,104,3
29.0,152.0,28.7,0.0,
0.03627679434082165,448,2
74.0,18.0,63.0,30.5,0.285,0.0,
0.03627679434082165,196,2
62.0,13.0,48.0,22.9,0.678,1.0,
0.036140840677044095,527,1
117.0,66.0,31.0,188.0,30.8,0.0,
0.036140840677044095,44,4
0.0,42.0,1.893,25.0,1.0,
0.03607466651296459,1,0
8.0,183.0,64.0,0.0,1.0,
0.03605939538655323,473,4
0.0,28.9,0.126,24.0,0.0,
0.03605939538655323,737,1
99.0,60.0,17.0,160.0,36.6,0.0,
0.03605939538655323,684,1
129.0,74.0,26.0,205.0,33.2,0.0,
0.03605465763298921,293,0
0.0,161.0,50.0,0.0,0.0,
0.035997819460086955,708,0
2.0,93.0,64.0,1.0,
0.03595025569191618,471,4
0.0,38.8,0.259,22.0,0.0,
0.03594723148907554,278,1
108.0,62.0,10.0,278.0,25.3,0.0,
0.03594723148907554,521,0
6.0,114.0,0.0,0.0,
0.035941576037406,311,0
2.0,155.0,74.0,1.0,
0.03573473825843325,724,4
0.0,39.4,0.236,38.0,0.0,
0.03573473825843325,250,4
0.0,28.0,0.284,27.0,0.0,
0.03573473825843325,140,4
0.0,39.5,0.286,38.0,0.0,
0.03573473825843325,350,4
0.0,31.2,0.252,30.0,0.0,
0.03573473825843325,751,4
0.0,26.0,0.223,25.0,0.0,
0.03573473825843325,416,4
0.0,38.5,0.554,37.0,1.0,
0.03573473825843325,727,4
0.0,22.9,0.326,22.0,0.0,
0.03573473825843325,342,4
0.0,34.7,0.29,33.0,0.0,
0.03573473825843325,331,4
0.0,43.3,0.282,41.0,1.0,
0.03573473825843325,189,4
0.0,22.6,0.142,21.0,0.0,
0.035731646960301844,412,2
74.0,22.0,61.0,26.2,0.256,21.0,0.0,
0.03569469627286391,475,3
45.0,191.0,33.7,1.0,
0.03569469627286391,48,0
7.0,105.0,0.0,0.0,
0.03569469627286391,647,3
35.0,130.0,28.3,1.0,
0.03563034379060792,440,3
23.0,50.0,32.2,0.0,
0.0356215165302406,682,4
0.0,32.3,0.536,27.0,1.0,
0.0356215165302406,563,4
0.0,32.4,0.601,27.0,0.0,
0.0356215165302406,670,4
0.0,25.4,0.551,21.0,0.0,
0.0356215165302406,512,4
0.0,27.3,0.525,22.0,0.0,
0.035599632024657824,344,0
8.0,126.0,88.0,0.0,
0.035599632024657824,628,0
4.0,94.0,65.0,0.0,
0.035599632024657824,26,0
1.0,97.0,66.0,0.0,
0.03553259261454966,54,0
1.0,73.0,50.0,0.0,
0.03553259261454966,203,0
6.0,103.0,72.0,0.0,
0.035414136711615696,709,3
13.0,387.0,31.2,0.295,24.0,0.0,
0.035409674701898264,491,0
4.0,99.0,68.0,0.0,
0.035409674701898264,681,0
0.0,95.0,64.0,0.0,
0.035409674701898264,86,0
2.0,100.0,68.0,0.0,
0.035409674701898264,187,0
8.0,109.0,76.0,1.0,
0.035409674701898264,29,0
5.0,109.0,75.0,0.0,
0.035290824762717415,266,4
0.0,40.0,1.101,24.0,0.0,
0.03526358039334841,612,4
0.0,32.5,0.878,26.0,0.0,
0.0351816148922085,512,1
91.0,62.0,0.0,0.0,
0.03506112042495274,703,0
4.0,110.0,76.0,0.0,
0.03506112042495274,524,0
3.0,87.0,60.0,0.0,
0.03497715363342342,399,4
0.0,32.0,0.161,31.0,1.0,
0.03497715363342342,316,4
0.0,30.5,0.345,29.0,1.0,
0.03493971194248158,123,0
0.0,113.0,76.0,1.0,
0.03493971194248158,576,0
2.0,118.0,80.0,1.0,
0.03493971194248158,163,0
0.0,131.0,88.0,1.0,
0.034937269830990186,210,4
0.0,42.8,0.375,24.0,0.0,
0.0349205377787276,698,4
0.0,44.5,0.904,26.0,0.0,
0.03490243640696558,450,4
0.0,28.9,0.542,23.0,1.0,
0.03483584828598951,134,0
2.0,125.0,60.0,0.0,
0.03483584828598951,577,0
10.0,133.0,68.0,0.0,
0.03483584828598951,141,0
2.0,108.0,52.0,0.0,
0.03483584828598951,765,0
1.0,126.0,60.0,1.0,
0.034804470964722,231,4
37.0,25.4,0.583,0.0,
0.0346770973825582,614,1
106.0,72.0,0.0,0.0,
0.03462761045720597,674,0
6.0,195.0,70.0,1.0,
0.03460399205429472,438,4
0.0,36.8,0.727,31.0,0.0,
0.034554063723898354,481,2
58.0,22.0,49.0,27.8,0.306,0.0,
0.03450514000506155,745,4
0.0,49.3,0.358,27.0,1.0,
0.034476289975200275,568,1
121.0,66.0,30.0,165.0,34.3,1.0,
0.034476289975200275,390,4
0.0,45.7,0.34,27.0,1.0,
0.034476289975200275,604,4
0.0,35.8,0.514,21.0,0.0,
0.034474312787011574,96,0
1.0,71.0,48.0,0.0,
0.034379838399602715,648,4
0.0,26.4,0.133,23.0,0.0,
0.034379838399602715,195,4
0.0,24.3,0.187,21.0,0.0,
0.034336348705806444,62,3
34.0,128.0,25.4,0.0,
0.034336348705806444,485,3
41.0,480.0,40.7,0.0,
0.034336348705806444,216,3
30.0,120.0,30.0,0.0,
0.034336348705806444,284,3
26.0,135.0,26.0,0.0,
0.034336348705806444,566,3
32.0,126.0,32.0,0.0,
0.034336348705806444,750,3
39.0,74.0,39.0,0.0,
0.03430220205033818,93,2
82.0,18.0,64.0,24.7,0.761,21.0,0.0,
0.03430220205033818,234,4
0.0,43.6,0.479,26.0,1.0,
0.034253766912354,337,3
34.0,171.0,34.2,1.0,
0.034253766912354,520,3
33.0,130.0,33.2,0.0,
0.034253766912354,358,3
36.0,249.0,36.5,1.0,
0.034253766912354,597,4
0.0,36.8,0.088,1.0,
0.03422740800491564,296,3
29.0,215.0,30.7,0.52,24.0,0.0,
0.034223110763913836,71,4
0.0,43.4,0.583,42.0,1.0,
0.034223110763913836,685,4
0.0,23.1,0.314,22.0,0.0,
0.034223110763913836,101,4
0.0,22.5,0.262,21.0,0.0,
0.034223110763913836,570,4
0.0,22.6,0.268,21.0,0.0,
0.0341872140331976,480,4
0.0,35.2,0.197,29.0,0.0,
0.03411086305518296,451,3
32.0,210.0,39.9,0.381,25.0,0.0,
0.03410344715329838,668,0
9.0,154.0,78.0,0.0,
0.03405028465018804,253,1
92.0,62.0,7.0,258.0,27.6,1.0,
0.033933919490479414,399,1
95.0,64.0,0.0,1.0,
0.03389647356636322,594,3
14.0,185.0,32.0,0.682,22.0,1.0,
0.03389090913200904,705,0
10.0,115.0,0.0,0.0,0.0,1.0,
0.03388199598931205,389,1
100.0,66.0,29.0,196.0,32.0,0.0,
0.03387825035389065,261,4
0.0,32.1,0.612,24.0,0.0,
0.0337817335170956,168,3
12.0,78.0,28.4,0.495,0.0,
0.03376270504963019,712,3
20.0,291.0,26.4,0.352,21.0,0.0,
0.03375092117662082,446,3
45.0,92.0,36.5,0.0,
0.03375092117662082,421,3
46.0,78.0,40.6,0.0,
0.03375092117662082,197,3
44.0,99.0,34.8,1.0,
0.03375092117662082,651,3
40.0,77.0,34.1,0.0,
0.03372736028892129,143,3
31.0,284.0,32.8,0.237,23.0,0.0,
0.03368173547992087,660,5
42.9,1.394,22.0,1.0,
0.03365629234068013,124,0
1.0,88.0,30.0,1.0,
0.033649845743388855,137,4
0.0,31.2,0.703,29.0,0.0,
0.033649845743388855,348,4
0.0,41.0,0.346,37.0,1.0,
0.033649845743388855,209,4
0.0,27.7,0.29,25.0,0.0,
0.033649845743388855,153,4
0.0,47.9,0.137,43.0,1.0,
0.033649845743388855,256,4
0.0,28.7,0.092,25.0,0.0,
0.03361694305997667,302,4
0.0,52.9,0.209,28.0,1.0,
0.03359112853348968,649,3
25.0,100.0,25.2,0.0,
0.03359112853348968,557,4
0.0,46.2,0.126,0.0,
0.03358005753958648,72,3
20.0,270.0,35.1,0.231,23.0,0.0,
0.033574566145069845,180,3
18.0,92.0,34.9,0.725,0.0,
0.03355816821431423,633,1
92.0,62.0,0.0,0.0,
0.033494456867175115,17,0
1.0,103.0,30.0,38.0,0.0,
0.033475887303741986,269,4
0.0,45.6,1.136,38.0,1.0,
0.033475887303741986,148,4
0.0,27.3,0.085,22.0,0.0,
0.033475887303741986,47,4
0.0,39.1,0.344,31.0,1.0,
0.033472651900068394,79,4
0.0,22.4,0.14,22.0,0.0,
0.033472651900068394,346,4
0.0,23.5,0.187,23.0,0.0,
0.033472651900068394,760,4
0.0,44.0,0.403,43.0,1.0,
0.033472651900068394,584,4
0.0,22.5,0.417,22.0,0.0,
0.033472651900068394,45,4
0.0,29.7,0.564,29.0,0.0,
0.033472651900068394,436,4
0.0,29.9,0.434,28.0,0.0,
0.03343981045068101,161,3
34.0,285.0,44.2,0.167,27.0,0.0,
0.03343655550552099,742,1
140.0,94.0,0.0,1.0,
0.033392662076362684,518,3
7.0,326.0,19.6,0.582,0.0,
0.033240958231846945,383,3
24.0,110.0,24.3,0.0,
0.033240958231846945,677,4
0.0,36.0,0.127,1.0,
0.033240958231846945,559,4
0.0,33.8,0.121,1.0,
0.033240958231846945,601,4
0.0,27.8,0.1,0.0,
0.033240958231846945,179,4
0.0,23.2,0.084,0.0,
0.033240958231846945,585,4
0.0,34.9,0.129,1.0,
0.033240958231846945,206,4
0.0,37.7,0.151,1.0,
0.033240958231846945,713,4
0.0,29.5,0.121,0.0,
0.033240958231846945,403,4
0.0,32.9,0.135,1.0,
0.033240958231846945,95,4
0.0,31.6,0.13,0.0,
0.033240958231846945,627,4
0.0,34.6,0.144,0.0,
0.033240958231846945,177,4
0.0,45.0,0.19,0.0,
0.033240958231846945,595,4
0.0,45.3,0.194,0.0,
0.033240958231846945,735,3
27.0,120.0,27.4,0.0,
0.033240958231846945,491,4
0.0,32.8,0.145,0.0,
0.033240958231846945,704,4
0.0,39.8,0.177,0.0,
0.033240958231846945,707,4
0.0,32.8,0.148,1.0,
0.033240958231846945,83,4
0.0,48.8,0.227,1.0,
0.033240958231846945,728,4
0.0,30.1,0.141,0.0,
0.033240958231846945,248,4
0.0,30.1,0.143,0.0,
0.033240958231846945,523,4
0.0,31.6,0.151,0.0,
0.033240958231846945,211,4
0.0,34.2,0.164,0.0,
0.033240958231846945,429,4
0.0,22.2,0.108,0.0,
0.033240958231846945,657,4
0.0,39.0,0.19,0.0,
0.033240958231846945,582,4
0.0,38.7,0.19,0.0,
0.033240958231846945,377,4
0.0,48.3,0.238,1.0,
0.033240958231846945,9,4
0.0,37.6,0.191,0.0,
0.033240958231846945,470,4
0.0,33.2,0.17,0.0,
0.033240958231846945,666,4
0.0,27.5,0.141,1.0,
0.033240958231846945,623,4
0.0,30.8,0.158,0.0,
0.033240958231846945,757,4
0.0,37.5,0.197,0.0,
0.033240958231846945,376,3
37.0,75.0,37.2,0.0,
0.033240958231846945,635,4
0.0,28.8,0.153,0.0,
0.033240958231846945,282,4
0.0,30.4,0.165,1.0,
0.033240958231846945,615,4
0.0,28.7,0.157,0.0,
0.03319667116424761,730,4
0.0,28.4,0.259,22.0,1.0,
0.03319667116424761,549,4
0.0,27.4,0.204,21.0,0.0,
0.03319667116424761,766,4
0.0,30.4,0.315,23.0,0.0,
0.03316385633090026,725,1
116.0,78.0,29.0,180.0,36.1,0.0,
0.03316385633090024,357,3
40.0,54.0,35.3,0.378,48.0,0.0,
0.03314683902205591,99,4
0.0,39.0,1.222,33.0,1.0,
0.03314683902205591,46,4
0.0,28.0,0.586,22.0,0.0,
0.033100664989950256,385,4
0.0,32.3,0.66,35.0,1.0,
0.033100664989950256,702,4
0.0,38.5,0.304,41.0,0.0,
0.033100664989950256,693,4
0.0,23.5,0.191,25.0,0.0,
0.033100664989950256,738,4
0.0,39.5,0.293,42.0,1.0,
0.033100664989950256,326,4
0.0,35.1,0.2,37.0,0.0,
0.03307596189641862,655,3
35.0,90.0,21.8,0.0,
0.03307596189641862,679,3
28.0,45.0,24.2,0.0,
0.03307596189641862,190,3
44.0,94.0,33.1,0.0,
0.03307596189641862,288,3
43.0,75.0,36.1,0.0,
0.03300141211032254,353,5
42.7,0.559,21.0,0.0,
0.0329943610101545,538,3
49.0,155.0,36.4,1.0,
0.0329943610101545,590,3
50.0,140.0,39.4,0.0,
0.0329943610101545,664,3
45.0,132.0,34.8,0.0,
0.0329943610101545,762,3
48.0,180.0,32.9,0.0,
0.0329943610101545,630,3
40.0,90.0,34.5,0.0,
0.0329943610101545,174,3
42.0,130.0,32.7,1.0,
0.0329943610101545,662,3
46.0,130.0,37.9,1.0,
0.0329943610101545,372,3
40.0,94.0,34.9,0.0,
0.03298596779292218,279,0
0.0,146.0,70.0,1.0,
0.03298596779292218,753,0
8.0,154.0,78.0,1.0,
0.032932650994250676,145,4
0.0,32.8,0.096,0.0,
0.032932650994250676,109,3
33.0,135.0,33.3,1.0,
0.032932650994250676,721,3
29.0,127.0,29.3,1.0,
0.03292365546603963,299,4
0.0,32.3,0.839,30.0,1.0,
0.03292365546603963,40,4
0.0,40.2,0.696,37.0,0.0,
0.03292365546603963,88,4
0.0,26.5,0.165,24.0,0.0,
0.03292365546603963,167,4
0.0,31.9,0.471,29.0,0.0,
0.03292365546603963,74,4
0.0,24.7,0.14,22.0,0.0,
0.03288343961589084,415,4
0.0,27.2,1.095,22.0,0.0,
0.032878499017116175,697,3
11.0,155.0,34.5,0.598,0.0,
0.03282024656123255,580,4
0.0,25.0,0.206,27.0,0.0,
0.03282024656123255,503,4
0.0,37.3,0.238,40.0,0.0,
0.03277055175709381,589,4
0.0,46.8,0.925,45.0,1.0,
0.03276849561474365,734,4
0.0,35.4,0.284,28.0,0.0,
0.03272582126626005,524,4
0.0,21.8,0.444,21.0,0.0,
0.03272582126626,223,2
66.0,15.0,56.0,23.6,0.666,0.0,
0.032702778410046957,680,4
0.0,49.6,0.364,26.0,1.0,
0.03267664788596214,320,4
0.0,31.6,0.197,25.0,1.0,
0.03267664788596214,555,4
0.0,38.1,0.218,30.0,0.0,
0.032662840782276714,388,0
3.0,100.0,68.0,0.0,
0.032662840782276714,379,0
1.0,107.0,72.0,0.0,
0.03260524315968803,517,4
0.0,32.8,0.18,0.0,
0.03260524315968803,318,4
0.0,23.5,0.129,1.0,
0.03260524315968803,386,4
0.0,43.3,0.239,1.0,
0.03260524315968803,225,4
0.0,35.7,0.198,0.0,
0.03260524315968803,193,4
0.0,24.4,0.136,0.0,
0.03260524315968803,349,4
0.0,42.2,0.237,0.0,
0.03260524315968803,396,4
0.0,34.3,0.196,1.0,
0.03260524315968803,332,4
0.0,23.6,0.137,0.0,
0.03260524315968803,169,4
0.0,30.8,0.18,1.0,
0.03260524315968803,200,4
0.0,40.1,0.236,0.0,
0.03260524315968803,641,4
0.0,29.5,0.178,1.0,
0.03260524315968803,690,4
0.0,42.3,0.257,1.0,
0.03260524315968803,262,4
0.0,32.4,0.2,0.0,
0.03260524315968803,400,4
0.0,24.2,0.151,0.0,
0.03260524315968803,454,4
0.0,33.6,0.212,1.0,
0.03260524315968803,761,4
0.0,22.5,0.142,0.0,
0.032562340605849005,576,3
0.0,0.0,42.9,0.693,21.0,1.0,
0.03249617837828242,281,3
15.0,155.0,32.4,0.262,0.0,
0.03244961461278189,599,4
0.0,27.1,0.4,24.0,0.0,
0.03244961461278189,696,4
0.0,25.0,0.253,22.0,0.0,
0.03244961461278189,631,4
0.0,26.2,0.343,23.0,0.0,
0.03244920681571242,409,4
0.0,35.7,0.674,28.0,0.0,
0.032410048925309076,604,0
1.0,124.0,60.0,0.0,
0.032410048925309076,587,0
3.0,176.0,86.0,1.0,
0.032407255233292714,321,4
0.0,27.4,0.254,1.0,
0.032407255233292714,675,4
0.0,24.8,0.23,1.0,
0.032407255233292714,462,4
0.0,27.6,0.258,0.0,
0.032407255233292714,32,4
0.0,19.9,0.188,0.0,
0.032407255233292714,283,4
0.0,27.0,0.259,1.0,
0.032407255233292714,82,4
0.0,24.6,0.237,0.0,
0.032407255233292714,581,4
0.0,26.5,0.259,0.0,
0.032407255233292714,76,4
0.0,37.7,0.37,0.0,
0.032407255233292714,303,4
0.0,21.0,0.207,0.0,
0.032407255233292714,28,4
0.0,34.1,0.337,0.0,
0.032407255233292714,159,4
0.0,29.7,0.294,0.0,
0.032407255233292714,354,4
0.0,30.4,0.302,1.0,
0.032407255233292714,558,4
0.0,30.1,0.3,0.0,
0.032407255233292714,182,4
0.0,26.8,0.268,0.0,
0.032407255233292714,208,4
0.0,35.5,0.355,1.0,
0.032407255233292714,509,4
0.0,29.7,0.297,1.0,
0.032407255233292714,586,4
0.0,24.3,0.249,0.0,
0.032407255233292714,41,4
0.0,22.7,0.235,0.0,
0.032407255233292714,674,4
0.0,30.9,0.328,1.0,
0.032407255233292714,718,4
0.0,35.6,0.378,1.0,
0.032407255233292714,711,4
0.0,41.2,0.441,1.0,
0.032407255233292714,43,4
0.0,27.4,0.294,0.0,
0.032407255233292714,54,4
0.0,23.0,0.248,0.0,
0.032407255233292714,719,4
0.0,29.3,0.317,0.0,
0.032407255233292714,20,4
0.0,35.4,0.388,0.0,
0.032407255233292714,336,4
0.0,31.2,0.343,1.0,
0.032407255233292714,271,4
0.0,23.0,0.254,0.0,
0.032407255233292714,275,4
0.0,26.5,0.296,1.0,
0.032407255233292714,495,4
0.0,26.0,0.292,0.0,
0.032407255233292714,21,4
0.0,39.8,0.451,1.0,
0.032407255233292714,494,4
0.0,26.6,0.304,0.0,
0.032407255233292714,487,4
0.0,25.6,0.294,0.0,
0.032407255233292714,112,4
0.0,34.0,0.391,0.0,
0.032407255233292714,765,4
0.0,30.1,0.349,1.0,
0.032407255233292714,293,4
0.0,21.9,0.254,0.0,
0.032407255233292714,92,4
0.0,23.8,0.277,1.0,
0.032407255233292714,591,4
0.0,34.4,0.402,1.0,
0.032407255233292714,380,4
0.0,20.0,0.236,0.0,
0.032407255233292714,132,4
0.0,38.3,0.457,0.0,
0.032407255233292714,309,4
0.0,26.2,0.313,0.0,
0.032407255233292714,75,4
0.0,32.6,0.391,0.0,
0.032407255233292714,366,4
0.0,21.0,0.252,0.0,
0.032407255233292714,626,4
0.0,32.4,0.393,0.0,
0.032407255233292714,341,4
0.0,32.0,0.389,0.0,
0.032407255233292714,249,4
0.0,31.2,0.38,0.0,
0.03239924195410335,229,4
0.0,44.0,0.645,22.0,1.0,
0.032370140794303226,199,3
16.0,0.0,31.0,0.874,21.0,0.0,
0.03232957958443919,187,3
39.0,114.0,27.9,1.0,
0.03232957958443919,692,3
49.0,125.0,38.5,1.0,
0.03232957958443919,401,3
41.0,88.0,35.0,1.0,
0.03232957958443919,447,3
37.0,64.0,33.6,1.0,
0.032223081515376506,622,3
27.0,115.0,43.5,0.347,21.0,0.0,
0.032162112502288676,632,3
17.0,183.0,27.5,0.115,22.0,0.0,
0.032109862960609414,236,4
0.0,44.1,0.686,23.0,1.0,
0.03210426422854487,530,4
0.0,45.3,0.686,24.0,0.0,
0.03206532652352967,460,4
0.0,21.8,0.416,26.0,0.0,
0.03206532652352967,588,4
0.0,21.1,0.342,25.0,0.0,
0.03206532652352967,397,4
0.0,21.1,0.389,25.0,0.0,
0.03206507992747946,117,4
0.0,28.2,0.443,22.0,0.0,
0.03206507992747946,763,4
0.0,36.8,0.34,27.0,0.0,
0.03206507992747946,749,4
0.0,31.2,1.182,22.0,1.0,
0.032022907513877014,445,3
12.0,70.0,25.3,0.658,0.0,
0.03201228029551252,613,2
74.0,26.0,144.0,36.1,0.557,50.0,1.0,
0.03198266516507131,287,2
56.0,17.0,49.0,20.8,0.34,26.0,0.0,
0.03198266516507126,130,4
0.0,33.3,1.114,33.0,1.0,
0.03197379335460901,686,4
0.0,28.3,0.181,0.0,
0.03197379335460901,633,4
0.0,25.9,0.167,0.0,
0.03197379335460901,147,4
0.0,33.7,0.218,0.0,
0.03197379335460901,115,4
0.0,34.0,0.22,1.0,
0.03197379335460901,25,4
0.0,39.4,0.257,1.0,
0.03197379335460901,432,4
0.0,25.6,0.167,0.0,
0.03197379335460901,435,4
0.0,37.4,0.244,0.0,
0.03197379335460901,659,4
0.0,27.7,0.182,0.0,
0.03197379335460901,239,4
0.0,29.2,0.192,0.0,
0.03188101441323554,84,0
2.0,110.0,74.0,0.0,
0.03188101441323554,95,0
2.0,92.0,62.0,0.0,
0.03188101441323554,296,0
0.0,126.0,84.0,0.0,
0.031870639843598725,562,2
60.0,19.0,54.0,26.9,0.497,0.0,
0.03179170999720379,430,3
16.0,85.0,30.4,0.551,0.0,
0.03176952352760101,748,4
0.0,24.3,0.178,1.0,
0.03176952352760101,273,4
0.0,34.2,0.251,0.0,
0.03176952352760101,676,4
0.0,35.3,0.263,0.0,
0.03176952352760101,603,4
0.0,28.4,0.212,1.0,
0.03176952352760101,120,4
0.0,34.2,0.26,0.0,
0.03176952352760101,361,4
0.0,39.2,0.305,0.0,
0.03176952352760101,214,3
40.0,271.0,41.8,1.0,
0.03176952352760101,758,4
0.0,35.5,0.278,1.0,
0.03176952352760101,4,4
0.0,25.6,0.201,0.0,
0.03176952352760101,63,4
0.0,32.8,0.258,1.0,
0.03176952352760101,165,4
0.0,32.5,0.256,0.0,
0.03176952352760101,504,4
0.0,33.3,0.263,0.0,
0.03176952352760101,614,4
0.0,25.8,0.207,0.0,
0.03176952352760101,437,4
0.0,18.2,0.147,0.0,
0.03176952352760101,723,4
0.0,32.8,0.265,0.0,
0.03176952352760101,516,4
0.0,37.6,0.304,0.0,
0.03176952352760101,60,4
0.0,32.9,0.27,1.0,
0.03176952352760101,511,4
0.0,24.2,0.2,0.0,
0.03176952352760101,245,4
0.0,31.2,0.258,0.0,
0.03176952352760101,338,4
0.0,39.9,0.331,1.0,
0.03176952352760101,569,4
0.0,32.5,0.27,0.0,
0.03176952352760101,123,4
0.0,33.3,0.278,1.0,
0.03176952352760101,142,4
0.0,32.4,0.272,1.0,
0.03176952352760101,474,4
0.0,27.3,0.231,0.0,
0.03176952352760101,556,4
0.0,27.8,0.237,0.0,
0.03176952352760101,16,4
0.0,29.6,0.254,1.0,
0.03176952352760101,490,4
0.0,33.5,0.292,0.0,
0.03176952352760101,268,4
0.0,27.5,0.24,1.0,
0.03176952352760101,279,4
0.0,37.9,0.334,1.0,
0.03176952352760101,640,4
0.0,34.3,0.303,0.0,
0.03176952352760101,183,4
0.0,27.6,0.244,0.0,
0.03176952352760101,402,4
0.0,31.6,0.28,0.0,
0.03176952352760101,551,4
0.0,27.8,0.247,0.0,
0.03176952352760101,22,4
0.0,29.0,0.263,1.0,
0.03176952352760101,577,4
0.0,27.0,0.245,0.0,
0.03176952352760101,105,4
0.0,22.4,0.207,0.0,
0.03176952352760101,755,4
0.0,32.0,0.391,0.0,
0.03176952352760101,175,4
0.0,31.2,0.382,0.0,
0.03176952352760101,73,4
0.0,32.0,0.396,0.0,
0.03176952352760101,162,4
0.0,29.7,0.368,0.0,
0.03173931407948356,260,4
0.0,30.0,0.761,27.0,1.0,
0.03173931407948356,500,4
0.0,37.2,0.267,28.0,0.0,
0.031738458618203055,56,3
60.0,110.0,46.8,0.0,
0.031738458618203055,444,4
14.0,59.4,2.42,1.0,
0.031635603339737514,501,0
6.0,0.0,68.0,41.0,0.0,39.0,1.0,
0.031609709761955984,55,4
304.0,37.7,0.254,1.0,
0.031580714807698584,286,3
39.0,220.0,45.6,0.808,29.0,1.0,
0.0315598406743161,621,4
0.0,40.8,1.461,45.0,0.0,
0.03155967950753891,270,2
62.0,32.0,56.0,25.2,0.128,21.0,0.0,
0.03152956419181041,312,3
10.0,85.0,29.5,0.626,0.0,
0.031482857964841716,178,4
0.0,39.1,0.956,37.0,1.0,
0.031482857964841716,393,4
0.0,32.9,0.803,31.0,1.0,
0.031479741233434555,252,4
0.0,35.8,0.238,0.0,
0.031479741233434555,535,4
0.0,29.6,0.197,0.0,
0.031479741233434555,154,4
0.0,50.0,0.337,1.0,
0.031479741233434555,218,4
0.0,37.8,0.261,1.0,
0.031479741233434555,398,4
0.0,34.9,0.241,1.0,
0.031479741233434555,122,4
0.0,26.8,0.186,0.0,
0.031479741233434555,360,4
0.0,29.8,0.207,0.0,
0.031479741233434555,64,4
0.0,29.0,0.203,0.0,
0.031479741233434555,472,4
0.0,29.9,0.21,0.0,
0.031479741233434555,263,4
0.0,32.0,0.226,1.0,
0.031479741233434555,351,4
0.0,34.4,0.243,0.0,
0.031479741233434555,756,4
0.0,36.3,0.258,1.0,
0.031479741233434555,665,4
0.0,32.5,0.235,1.0,
0.031479741233434555,663,4
0.0,33.7,0.245,1.0,
0.031415677526105024,198,3
27.0,318.0,30.9,0.15,29.0,1.0,
0.03141567752610497,561,4
77.0,37.6,0.401,24.0,0.0,
0.0313193974761771,116,4
0.0,33.7,0.654,25.0,0.0,
0.03131057349345021,10,4
0.0,38.0,0.537,34.0,1.0,
0.031309077079544834,574,3
47.0,63.0,35.5,0.28,0.0,
0.03128092320264918,439,4
0.0,34.3,0.435,41.0,1.0,
0.03128092320264918,313,4
0.0,35.9,1.127,43.0,1.0,
0.03128092320264918,191,4
0.0,30.4,0.383,36.0,1.0,
0.031273339694079805,685,0
3.0,130.0,64.0,0.0,
0.031231635782752717,254,4
0.0,33.6,0.543,21.0,1.0,
0.031231635782752717,235,3
21.0,192.0,35.9,0.586,1.0,
0.031231635782752717,164,3
18.0,156.0,29.9,0.722,1.0,
0.031231635782752717,464,3
13.0,105.0,21.8,0.452,0.0,
0.031136071583264327,466,3
36.0,100.0,36.8,0.0,
0.031136071583264327,35,4
0.0,33.2,0.42,0.0,
0.031136071583264327,139,4
0.0,21.1,0.268,0.0,
0.031109536630302637,393,0
4.0,158.0,78.0,1.0,
0.03106610334701379,103,4
0.0,39.6,0.93,27.0,0.0,
0.03104192886474577,550,5
31.9,0.591,25.0,0.0,
0.031032999764079958,443,4
0.0,29.7,0.38,1.0,
0.031032999764079958,668,3
30.0,100.0,30.9,0.0,
0.031032999764079958,405,4
0.0,28.9,0.376,1.0,
0.031032999764079958,37,4
0.0,38.2,0.503,1.0,
0.031032999764079958,343,4
0.0,36.8,0.485,0.0,
0.031032999764079958,0,4
0.0,26.6,0.351,0.0,
0.031032999764079958,365,4
0.0,27.6,0.368,1.0,
0.031032999764079958,726,4
0.0,32.4,0.433,0.0,
0.031032999764079958,106,3
28.0,140.0,29.5,0.0,
0.031032999764079958,362,4
0.0,38.5,0.52,1.0,
0.031032999764079958,89,4
0.0,19.1,0.258,0.0,
0.031032999764079958,422,4
0.0,30.8,0.421,0.0,
0.031032999764079958,753,4
0.0,32.4,0.443,1.0,
0.031012605998432363,453,2
54.0,28.0,105.0,37.8,0.0,
0.03098803171636333,658,5
34.2,1.292,27.0,1.0,
0.030982549182033053,276,2
64.0,23.0,116.0,27.8,0.0,
0.030982549182033053,151,2
86.0,28.0,155.0,34.3,1.0,
0.030982549182033053,507,2
50.0,23.0,76.0,30.4,0.0,
0.030982549182033053,492,2
70.0,18.0,122.0,28.9,1.0,
0.030972925915841498,656,0
1.0,120.0,80.0,0.0,
0.030972925915841498,323,0
2.0,112.0,75.0,0.0,
0.030972925915841498,207,0
1.0,96.0,64.0,0.0,
0.030895567353419806,496,3
15.0,76.0,30.1,0.547,0.0,
0.030859536435156057,90,3
15.0,176.0,32.0,0.443,0.0,
0.030794578518529597,217,4
0.0,29.0,1.224,32.0,1.0,
0.030794578518529597,442,4
0.0,30.5,0.955,33.0,1.0,
0.030710776674150897,129,3
14.0,168.0,29.7,0.361,1.0,
0.030659458953567198,337,0
9.0,152.0,78.0,1.0,
0.03064701283808606,226,4
0.0,37.2,0.652,24.0,1.0,
0.030620579656229163,212,3
26.0,130.0,42.6,0.431,24.0,1.0,
0.030617850307763372,205,4
280.0,37.5,0.605,1.0,
0.03060581968252518,469,4
0.0,41.3,0.607,0.0,
0.03060581968252518,634,4
0.0,31.2,0.465,1.0,
0.03060581968252518,478,4
0.0,28.0,0.419,0.0,
0.03060581968252518,29,4
0.0,36.0,0.546,0.0,
0.03060581968252518,406,4
0.0,21.9,0.336,0.0,
0.03060581968252518,213,3
32.0,175.0,34.2,1.0,
0.03060581968252518,379,3
30.0,82.0,30.8,0.0,
0.030568472168939376,114,4
0.0,31.2,0.539,1.0,
0.030535262407239208,739,2
80.0,37.0,150.0,42.3,0.785,48.0,1.0,
0.030506927635958705,324,3
21.0,168.0,25.6,0.123,0.0,
0.030419453204292457,294,5
35.5,0.692,28.0,0.0,
0.030380717041437244,433,3
8.0,0.0,24.5,1.138,0.0,
0.030380717041437244,468,2
78.0,41.0,140.0,46.1,0.0,
0.030368150501099755,681,5
44.6,0.366,22.0,0.0,
0.030360483034572103,125,2
70.0,30.0,135.0,42.9,0.0,
0.030340950318025972,333,2
60.0,18.0,58.0,23.9,0.26,0.0,
0.030340950318025972,31,2
58.0,11.0,54.0,24.8,0.267,0.0,
0.030335981012879445,155,2
52.0,15.0,94.0,24.6,0.0,
0.030335981012879445,529,2
60.0,18.0,106.0,29.8,0.0,
0.030335981012879445,364,2
54.0,28.0,83.0,34.0,0.0,
0.030325985553091184,233,5
29.7,0.293,23.0,0.0,
0.030325985553091184,456,5
30.2,0.364,24.0,0.0,
0.03024800879997913,42,3
24.0,240.0,45.4,0.721,1.0,
0.03015934552221644,741,5
28.5,0.219,22.0,0.0,
0.03015310934578365,24,2
70.0,26.0,115.0,31.1,1.0,
0.03015310934578365,743,2
88.0,37.0,140.0,40.6,0.0,
0.03015310934578365,602,2
78.0,29.0,126.0,35.2,1.0,
0.03015310934578365,244,3
15.0,0.0,30.0,1.213,1.0,
0.030093738528325975,314,5
34.1,0.315,26.0,0.0,
0.030093738528325975,345,5
28.7,0.654,22.0,0.0,
0.030093738528325975,17,5
43.3,0.183,33.0,0.0,
0.030093738528325975,136,5
28.7,0.532,22.0,0.0,
0.030093738528325975,39,5
34.0,0.271,26.0,0.0,
0.030057816942514054,61,4
0.0,25.0,0.587,0.0,
0.030057816942514054,163,4
0.0,31.6,0.743,1.0,
0.030057816942514054,541,4
0.0,34.9,0.825,1.0,
0.030057816942514054,567,3
29.0,126.0,31.3,0.0,
0.030057816942514054,548,4
0.0,28.5,0.68,0.0,
0.030057816942514054,166,4
0.0,29.6,0.709,0.0,
0.030057816942514054,733,4
0.0,23.3,0.56,0.0,
0.030020604401347795,306,3
14.0,148.0,24.8,0.143,0.0,
0.03001400713277419,499,3
19.0,71.0,25.2,0.313,0.0,
0.029984343806377434,545,3
27.0,207.0,43.6,1.034,1.0,
0.029984343806377434,508,4
0.0,25.0,0.409,0.0,
0.029984343806377434,673,4
0.0,35.6,0.587,0.0,
0.029984343806377434,578,4
0.0,34.7,0.575,1.0,
0.029961338139861404,652,4
0.0,26.8,0.455,0.0,
0.029961338139861404,204,4
0.0,23.9,0.407,0.0,
0.029961338139861404,479,3
30.0,328.0,35.5,1.0,
0.029961338139861404,33,4
0.0,27.6,0.512,0.0,
0.029961338139861404,736,4
0.0,32.0,0.6,0.0,
0.029921130679182895,466,0
0.0,97.0,64.0,0.0,
0.029907589560165482,637,5
40.9,0.871,32.0,1.0,
0.029878739102577545,418,0
3.0,129.0,64.0,1.0,
0.029866674878666677,693,1
90.0,60.0,0.0,0.0,
0.029866078705910987,629,4
0.0,27.4,0.732,34.0,1.0,
0.029782483986749902,419,3
41.0,170.0,45.3,0.507,26.0,0.0,
0.029765007937684884,472,1
136.0,90.0,0.0,0.0,
0.029763772452334844,564,2
54.0,14.0,88.0,26.1,0.0,
0.029763772452334844,513,2
54.0,19.0,86.0,25.6,0.0,
0.029763772452334844,477,3
38.0,75.0,25.9,0.0,
0.029748031913162998,572,3
17.0,120.0,34.7,0.198,0.0,
0.029724451645301853,69,3
20.0,90.0,32.9,0.867,1.0,
0.029693718751361092,170,2
70.0,23.0,130.0,35.4,1.0,
0.029693718751361092,650,2
60.0,23.0,106.0,33.8,0.0,
0.02966725552204147,13,4
175.0,25.8,0.587,1.0,
0.02966725552204147,242,4
176.0,27.1,1.318,1.0,
0.029632182900069692,339,3
13.0,105.0,25.9,0.472,0.0,
0.02963205835126881,3,5
43.1,2.288,33.0,1.0,
0.02963205835126881,553,5
36.9,0.471,28.0,0.0,
0.02963205835126881,157,5
29.0,0.229,22.0,0.0,
0.02958276576357899,759,5
28.4,0.766,22.0,0.0,
0.029573721389691165,336,1
115.0,76.0,0.0,1.0,
0.029546692207989417,184,4
0.0,35.9,0.745,1.0,
0.029546692207989417,488,4
0.0,26.1,0.551,0.0,
0.029466927915139385,26,3
15.0,140.0,23.2,0.487,0.0,
0.029466927915139385,560,4
274.0,41.3,0.502,1.0,
0.029436040378726686,340,3
21.0,73.0,25.9,0.673,0.0,
0.029436040378726686,420,3
18.0,76.0,26.0,0.561,0.0,
0.02938625842065462,404,3
32.0,165.0,42.1,0.52,26.0,0.0,
0.029367236830941015,645,3
17.0,144.0,23.4,0.447,1.0,
0.029367236830941015,297,3
25.0,184.0,36.6,0.412,1.0,
0.029358595918120928,522,4
0.0,34.2,0.652,1.0,
0.029351329964851916,240,3
32.0,88.0,33.1,0.0,
0.029351329964851916,150,4
0.0,21.9,0.432,0.0,
0.029351329964851916,66,4
0.0,42.7,0.845,0.0,
0.029351329964851916,36,4
0.0,32.9,0.665,1.0,
0.029351329964851916,700,4
0.0,27.6,0.565,1.0,
0.029351329964851916,742,4
0.0,32.7,0.734,1.0,
0.029351329964851916,220,4
0.0,31.6,0.805,1.0,
0.029351329964851916,455,4
0.0,26.7,0.687,0.0,
0.029351329964851916,716,4
0.0,23.1,0.595,0.0,
0.029351329964851916,701,4
0.0,35.0,0.905,1.0,
0.029351329964851916,68,3
27.0,100.0,28.9,0.0,
0.029351329964851916,65,4
0.0,32.5,0.855,1.0,
0.029351329964851916,128,4
0.0,27.9,0.741,1.0,
0.029351329964851916,528,4
0.0,24.6,0.66,0.0,
0.029351329964851916,237,4
0.0,30.8,0.831,1.0,
0.029351329964851916,335,4
0.0,33.8,0.932,0.0,
0.029351329964851916,201,4
0.0,27.3,0.787,0.0,
0.029351329964851916,1,4
0.0,23.3,0.672,1.0,
0.029351329964851916,277,4
0.0,24.9,0.744,0.0,
0.029351329964851916,238,4
0.0,18.4,0.582,0.0,
0.029351329964851916,23,3
33.0,146.0,36.6,1.0,
0.02933259904961999,330,0
2.0,87.0,58.0,0.0,
0.02933094254981733,237,0
9.0,164.0,84.0,1.0,
0.029279262268370576,659,0
10.0,162.0,84.0,0.0,
0.029279262268370576,126,0
1.0,118.0,58.0,0.0,
0.029279262268370576,263,0
4.0,123.0,62.0,1.0,
0.029177525126035053,708,3
32.0,160.0,38.0,0.674,23.0,1.0,
0.02913665524931819,367,5
27.5,0.306,22.0,0.0,
0.029114112370004816,370,3
23.0,89.0,0.0,0.0,
0.029112543213414332,11,2
80.0,0.0,0.0,0.0,
0.029112543213414332,57,2
82.0,0.0,0.0,0.0,
0.029112543213414332,144,3
23.0,0.0,0.0,0.0,
0.029112543213414332,298,2
72.0,0.0,0.0,0.0,
0.029112543213414332,683,2
82.0,0.0,0.0,0.0,
0.029025086921371387,49,3
11.0,82.0,19.4,0.491,0.0,
0.029007352386992757,273,1
106.0,70.0,0.0,0.0,
0.028866582810176927,347,3
19.0,74.0,21.8,0.279,0.0,
0.028866582810176927,2,3
23.0,94.0,28.1,0.167,0.0,
0.028754528349360348,428,3
25.0,180.0,35.0,0.233,1.0,
0.02875074735622568,653,0
1.0,106.0,70.0,0.0,
0.02865531492702894,280,2
76.0,28.0,122.0,35.9,0.0,
0.028648936326218247,441,2
64.0,27.0,120.0,33.2,0.0,
0.02864759956458479,706,4
335.0,34.4,0.176,0.0,
0.028584104824992074,135,3
26.0,50.0,30.8,0.597,0.0,
0.028422414699715917,449,3
13.0,95.0,21.2,0.415,0.0,
0.028372930486365466,392,3
12.0,87.0,22.1,0.463,0.0,
0.028334918582201968,639,3
17.0,105.0,29.3,0.695,0.0,
0.028175537017421315,525,0
1.0,97.0,64.0,0.0,
0.028110921827751045,359,4
325.0,31.2,0.583,1.0,
0.02808380616793149,134,3
20.0,140.0,33.8,0.088,31.0,0.0,
0.028034283158785422,695,3
19.0,125.0,29.9,0.268,1.0,
0.028033526105822826,407,3
0.0,0.0,25.9,1.191,1.0,
0.028033526105822826,463,3
0.0,0.0,24.0,1.022,0.0,
0.028033526105822826,452,3
0.0,0.0,19.6,0.832,0.0,
0.028033526105822826,689,3
0.0,0.0,24.6,0.856,0.0,
0.028033526105822826,417,3
0.0,0.0,18.2,0.624,0.0,
0.028033526105822826,536,3
0.0,0.0,21.7,0.735,0.0,
0.027950692205910926,344,3
36.0,108.0,38.5,0.0,
0.027950692205910926,27,3
19.0,110.0,22.2,0.0,
0.027950692205910926,84,3
29.0,125.0,32.4,0.0,
0.027950692205910926,764,3
23.0,112.0,26.2,0.0,
0.027950692205910926,203,3
32.0,190.0,37.7,0.0,
0.027932474857340073,526,3
15.0,105.0,26.3,0.107,0.0,
0.027827886761235446,186,3
41.0,58.0,32.0,1.0,
0.02782419473725961,378,3
39.0,72.0,43.4,1.021,0.0,
0.02777029569971981,127,3
24.0,145.0,34.5,0.403,1.0,
0.02776913439827777,620,4
0.0,24.2,1.698,28.0,0.0,
0.027606930161838683,72,0
4.0,129.0,86.0,0.0,
0.027579149093673705,714,4
392.0,33.9,0.826,1.0,
0.027578895572336837,653,3
28.0,135.0,34.2,0.142,22.0,0.0,
0.02756293361881166,304,3
37.0,105.0,39.7,0.0,
0.027465700103012913,740,3
20.0,94.0,30.8,0.4,0.0,
0.027300073389810553,341,0
1.0,0.0,68.0,35.0,0.0,
0.02728283676018564,12,4
846.0,30.1,0.398,1.0,
0.027268189775263213,514,3
18.0,105.0,31.6,0.268,1.0,
0.027268189775263213,315,3
11.0,64.0,19.3,0.284,0.0,
0.027230456428046293,669,3
26.0,168.0,33.6,0.631,0.0,
0.027191944345129393,311,3
17.0,96.0,26.6,0.433,1.0,
0.027168914197888583,87,3
32.0,110.0,37.1,0.153,1.0,
0.02716136453487003,124,5
55.0,0.496,26.0,1.0,
0.02704489364014384,107,5
34.3,0.336,25.0,0.0,
0.027044889616772316,502,0
7.0,94.0,64.0,0.0,
0.026992055361667433,476,3
17.0,110.0,23.8,0.466,0.0,
0.026939863273605674,368,3
28.0,140.0,32.8,0.234,1.0,
0.02688920608146672,533,3
30.0,56.0,33.3,1.251,0.0,
0.026880480223185316,703,3
20.0,100.0,28.4,0.118,27.0,0.0,
0.026717802165969196,185,4
495.0,30.1,0.615,1.0,
0.026717802165969196,257,4
375.0,25.9,0.655,0.0,
0.026717802165969196,110,4
495.0,34.0,0.543,1.0,
0.026717802165969196,219,4
478.0,34.6,1.072,1.0,
0.026717802165969196,654,4
540.0,38.7,0.24,1.0,
0.026697672322857996,375,3
15.0,84.0,25.2,0.299,0.0,
0.026664738441200708,227,4
744.0,36.7,2.329,0.0,
0.026654366705698207,587,3
27.0,156.0,33.3,1.154,1.0,
0.02665275952900592,327,3
36.0,120.0,45.5,0.127,23.0,1.0,
0.02661340362420811,121,3
30.0,100.0,33.6,0.404,0.0,
0.026608431909211916,258,3
28.0,150.0,33.3,1.353,1.0,
0.026583682421339794,489,4
66.0,36.8,0.629,24.0,0.0,
0.026571064203507744,141,4
63.0,32.5,0.318,22.0,0.0,
0.026546190444495577,290,4
74.0,36.6,0.757,25.0,1.0,
0.026507349723096707,610,4
194.0,32.9,0.593,1.0,
0.026358393134179647,729,3
23.0,79.0,28.4,0.323,1.0,
0.026358393134179647,388,3
23.0,81.0,31.6,0.949,0.0,
0.026204612495841446,96,3
18.0,76.0,20.4,0.0,
0.026198417525815088,86,4
71.0,38.5,0.324,26.0,0.0,
0.02611482217172978,722,3
30.0,105.0,39.1,0.251,0.0,
0.026062437710214104,371,4
66.0,35.8,0.545,21.0,0.0,
0.02598252471304946,636,5
31.6,0.649,23.0,0.0,
0.025921828906027206,731,3
37.0,120.0,44.5,0.646,24.0,1.0,
0.02573417753073526,508,1
120.0,78.0,0.0,0.0,
0.02573417753073526,277,1
114.0,74.0,0.0,0.0,
0.02553205338593676,617,4
0.0,28.2,1.282,1.0,
0.025397804363482046,69,0
2.0,100.0,66.0,1.0,
0.02533416943399769,266,0
2.0,128.0,64.0,0.0,
0.025286757406158933,250,1
129.0,84.0,0.0,0.0,
0.02511278609983647,505,2
90.0,26.0,90.0,36.5,0.314,1.0,
0.025033696687377177,18,3
30.0,96.0,34.6,0.529,1.0,
0.024898116835003814,25,0
7.0,147.0,76.0,1.0,
0.024898116835003814,436,0
5.0,147.0,75.0,0.0,
0.024870631119915387,320,0
3.0,112.0,74.0,1.0,
0.024870631119915387,566,0
6.0,92.0,62.0,0.0,
0.024870631119915387,759,0
2.0,88.0,58.0,0.0,
0.024870631119915387,288,0
5.0,108.0,72.0,0.0,
0.024765845284265564,442,1
108.0,70.0,0.0,1.0,
0.024445169363799923,207,5
33.2,0.289,21.0,0.0,
0.024106110520584256,676,1
93.0,60.0,0.0,0.0,
0.02403324213565461,482,5
38.2,0.233,23.0,0.0,
0.0237639062867111,173,3
24.0,55.0,29.7,0.37,0.0,
0.023471191028361593,4,1
116.0,74.0,0.0,0.0,
0.023400819890369295,22,0
9.0,119.0,80.0,1.0,
0.023400819890369295,136,0
0.0,93.0,60.0,0.0,
0.023400819890369295,476,0
7.0,114.0,76.0,0.0,
0.023354127040101813,380,0
0.0,105.0,68.0,0.0,
0.02333507446175348,382,3
18.0,59.0,25.1,1.268,0.0,
0.02333507446175348,638,3
12.0,46.0,19.5,0.149,0.0,
0.02333507446175348,133,3
13.0,49.0,21.1,0.647,0.0,
0.023315413989777767,59,5
0.0,0.304,21.0,0.0,
0.023315413989777767,48,5
0.0,0.305,24.0,0.0,
0.023315413989777767,425,5
0.0,0.256,25.0,0.0,
0.023315413989777767,683,5
0.0,0.64,69.0,0.0,
0.023315413989777767,705,5
0.0,0.261,30.0,1.0,
0.023315413989777767,493,5
0.0,0.174,22.0,0.0,
0.023315413989777767,521,5
0.0,0.189,26.0,0.0,
0.023315413989777767,80,5
0.0,0.102,22.0,0.0,
0.023315413989777767,8,5
0.0,0.232,54.0,1.0,
0.02330723885221242,478,0
4.0,132.0,86.0,0.0,
0.023151925788598482,264,3
18.0,67.0,33.6,0.0,
0.023107093995449413,691,5
39.1,0.886,23.0,0.0,
0.023107093995449413,646,5
37.8,0.455,22.0,1.0,
0.023107093995449413,565,5
38.6,0.412,21.0,0.0,
0.023003511169260804,206,1
162.0,104.0,0.0,1.0,
0.02289339373990079,328,0
6.0,105.0,70.0,0.0,
0.02289339373990079,90,0
4.0,123.0,80.0,0.0,
0.02289339373990079,755,0
7.0,137.0,90.0,0.0,
0.022853195096415313,298,5
23.6,0.84,58.0,0.0,
0.022828184308823968,113,4
175.0,30.5,0.588,1.0,
0.022828184308823968,497,4
145.0,25.1,0.163,1.0,
0.022804638582499148,586,1
103.0,66.0,0.0,0.0,
0.022804638582499148,682,1
125.0,80.0,0.0,1.0,
0.022624430592149358,750,0
1.0,121.0,78.0,0.0,
0.02257992620826016,82,0
0.0,101.0,65.0,0.0,
0.022542714312525747,271,1
122.0,78.0,0.0,0.0,
0.022467584612997082,306,0
0.0,137.0,68.0,0.0,
0.022467584612997082,303,0
3.0,150.0,76.0,0.0,
0.022425396995473745,40,1
133.0,84.0,0.0,0.0,
0.02239797926894188,663,0
6.0,115.0,60.0,1.0,
0.02239205196122368,281,0
7.0,133.0,88.0,0.0,
0.02239205196122368,632,0
1.0,128.0,82.0,0.0,
0.022059889571229147,502,3
25.0,79.0,33.3,0.738,0.0,
0.022018613530886605,384,3
13.0,50.0,22.3,0.205,0.0,
0.02201625896234216,251,3
14.0,55.0,24.4,0.249,0.0,
0.021996300428041383,543,3
29.0,76.0,32.0,0.0,
0.021996300428041383,329,4
0.0,23.1,1.476,0.0,
0.02196834468301828,575,4
130.0,24.0,0.813,0.0,
0.02196834468301828,747,4
200.0,36.4,0.408,1.0,
0.02194087686218882,178,1
130.0,82.0,0.0,1.0,
0.02194087686218882,114,1
146.0,92.0,0.0,1.0,
0.02192590163648378,176,3
46.0,130.0,67.1,0.319,1.0,
0.021887777383779283,405,1
115.0,72.0,0.0,1.0,
0.021518443059893533,727,0
2.0,175.0,88.0,0.0,
0.021518443059893533,621,0
6.0,183.0,94.0,0.0,
0.021410058646423313,627,1
128.0,80.0,0.0,0.0,
0.02140330627443282,692,0
7.0,129.0,68.0,1.0,
0.02140330627443282,731,0
2.0,174.0,88.0,1.0,
0.02140330627443282,749,0
4.0,136.0,70.0,1.0,
0.021270650348092834,137,1
129.0,80.0,0.0,0.0,
0.02122952275016099,495,1
110.0,68.0,0.0,0.0,
0.020530879516558742,745,0
1.0,147.0,94.0,1.0,
0.020298949597586047,116,1
78.0,48.0,0.0,0.0,
0.020139307440152243,366,0
0.0,101.0,64.0,0.0,
0.020102793626013304,426,4
180.0,34.1,0.328,1.0,
0.020102793626013304,598,4
120.0,23.1,0.407,0.0,
0.020102793626013304,305,4
132.0,25.5,0.326,1.0,
0.020069173407727625,162,0
2.0,100.0,64.0,0.0,
0.020023468379706533,741,2
58.0,18.0,116.0,0.0,
0.019975668982742834,520,0
3.0,124.0,80.0,0.0,
0.01990739600050412,118,3
15.0,51.0,23.2,0.223,0.0,
0.01974637426877146,88,0
1.0,107.0,68.0,0.0,
0.01974637426877146,204,0
5.0,111.0,72.0,0.0,
0.01935481020808516,142,1
108.0,66.0,0.0,1.0,
0.01913289858919226,236,0
0.0,179.0,90.0,1.0,
0.01897980144820155,406,1
101.0,62.0,0.0,0.0,
0.0188772121516827,559,1
125.0,76.0,0.0,1.0,
0.01884773218100355,122,1
132.0,80.0,0.0,0.0,
0.01884773218100355,591,1
132.0,80.0,0.0,1.0,
0.01884773218100355,229,1
142.0,86.0,0.0,1.0,
0.018501999623190324,350,1
137.0,84.0,0.0,0.0,
0.018357932718085723,537,0
0.0,127.0,80.0,0.0,
0.018357932718085723,201,0
0.0,108.0,68.0,0.0,
0.018256618324624163,396,0
0.0,131.0,66.0,1.0,
0.018256618324624163,522,0
9.0,130.0,70.0,1.0,
0.018033402522615094,139,1
128.0,78.0,0.0,0.0,
0.018022633719650183,5,0
3.0,78.0,50.0,1.0,
0.01788462710737415,167,1
110.0,66.0,0.0,0.0,
0.017867720843843804,526,0
3.0,116.0,74.0,0.0,
0.01780686154932154,171,5
28.9,0.773,25.0,0.0,
0.01772253105649302,202,3
16.0,44.0,20.4,0.235,0.0,
0.01758845593449504,304,0
2.0,120.0,76.0,0.0,
0.017504252083752614,23,0
11.0,143.0,94.0,1.0,
0.01721162205523402,42,0
9.0,171.0,110.0,1.0,
0.017071246762376834,11,5
27.1,1.441,57.0,0.0,
0.017054827618005475,115,1
124.0,74.0,0.0,1.0,
0.016994315357890866,200,1
138.0,82.0,0.0,0.0,
0.01698462886763924,97,0
6.0,93.0,50.0,0.0,
0.01698462886763924,354,0
9.0,165.0,88.0,1.0,
0.0166200739316259,421,0
0.0,102.0,64.0,0.0,
0.01638449259373051,267,0
0.0,102.0,52.0,0.0,
0.01636711241425043,701,0
1.0,168.0,88.0,29.0,1.0,
0.016271585548168488,385,0
5.0,116.0,74.0,1.0,
0.01590676035405858,557,0
11.0,103.0,68.0,0.0,
0.015802688688628774,698,1
118.0,70.0,0.0,0.0,
0.01541053226455677,183,0
4.0,141.0,74.0,0.0,
0.01541053226455677,470,0
0.0,137.0,70.0,0.0,
0.01541053226455677,211,0
7.0,179.0,95.0,0.0,
0.01541053226455677,35,0
11.0,138.0,76.0,0.0,
0.01541053226455677,60,0
8.0,133.0,72.0,1.0,
0.01541053226455677,282,0
7.0,161.0,86.0,1.0,
0.01541053226455677,443,0
4.0,117.0,62.0,1.0,
0.01541053226455677,147,0
5.0,147.0,78.0,0.0,
0.015386630890748432,623,1
108.0,64.0,0.0,0.0,
0.015362439002451489,626,1
132.0,78.0,0.0,0.0,
0.015346180974914692,528,1
111.0,65.0,0.0,0.0,
0.014958121873440922,581,1
121.0,78.0,17.0,0.0,
0.01495104520154067,756,1
123.0,72.0,0.0,1.0,
0.01480149631099259,259,4
130.0,30.9,0.299,0.0,
0.014559523159076382,63,1
114.0,66.0,0.0,1.0,
0.014559523159076382,47,0
7.0,103.0,66.0,1.0,
0.014559523159076382,347,0
3.0,99.0,62.0,0.0,
0.014559523159076382,474,0
0.0,137.0,84.0,0.0,
0.014554804737130778,447,0
0.0,104.0,64.0,1.0,
0.014554804737130778,734,0
4.0,95.0,60.0,0.0,
0.014191743784280009,218,1
112.0,66.0,0.0,1.0,
0.01416914671631253,661,0
8.0,167.0,106.0,1.0,
0.014167729314747371,275,0
7.0,106.0,60.0,24.0,1.0,
0.014166659046962904,365,1
124.0,72.0,0.0,1.0,
0.014007872190418325,675,0
9.0,156.0,86.0,0.0,1.0,
0.013973227438998537,519,4
66.0,25.0,0.187,25.0,0.0,
0.013971498076799871,194,0
5.0,158.0,84.0,1.0,
0.013751631956317373,450,0
2.0,134.0,70.0,1.0,
0.013484891487711037,245,0
10.0,122.0,68.0,0.0,
0.013484891487711037,284,0
7.0,136.0,74.0,0.0,
0.013475076179893727,422,0
2.0,115.0,64.0,22.0,0.0,
0.012961573797572123,193,0
8.0,85.0,55.0,0.0,
0.012852198832843525,216,0
6.0,125.0,68.0,0.0,
0.012852198832843525,362,0
4.0,146.0,78.0,1.0,
0.012852198832843525,662,0
9.0,145.0,80.0,1.0,
0.012852198832843525,27,0
13.0,145.0,82.0,0.0,
0.012852198832843525,92,0
4.0,134.0,72.0,1.0,
0.012788964941944814,580,0
6.0,109.0,60.0,27.0,0.0,
0.012691629171675434,33,0
10.0,122.0,78.0,0.0,
0.012691629171675434,392,0
4.0,116.0,72.0,0.0,
0.012578892659077176,416,0
4.0,144.0,82.0,32.0,1.0,
0.01242686300321183,18,0
1.0,115.0,70.0,1.0,
0.01242686300321183,700,0
6.0,125.0,78.0,1.0,
0.012315712456368477,641,0
6.0,147.0,80.0,1.0,
0.012315712456368477,687,0
1.0,140.0,74.0,0.0,
0.01218486172589564,177,0
5.0,143.0,78.0,0.0,
0.012168730128545885,471,0
0.0,119.0,66.0,27.0,0.0,
0.012133075270704452,751,0
3.0,108.0,62.0,24.0,0.0,
0.0120903517142813,572,0
2.0,98.0,60.0,0.0,
0.012070998035464076,710,0
5.0,126.0,78.0,27.0,0.0,
0.012070998035464076,401,0
5.0,136.0,84.0,1.0,
0.01192468404307978,549,0
1.0,116.0,70.0,28.0,0.0,
0.011739292274840829,117,0
4.0,97.0,60.0,0.0,
0.011693208983875977,763,0
2.0,122.0,70.0,27.0,0.0,
0.011672569313357056,154,0
7.0,152.0,88.0,44.0,1.0,
0.01163215730651554,432,0
2.0,139.0,75.0,0.0,
0.01163215730651554,629,0
7.0,114.0,64.0,1.0,
0.01163215730651554,640,0
4.0,128.0,70.0,0.0,
0.01163215730651554,631,0
2.0,111.0,60.0,0.0,
0.011621339383710627,596,0
1.0,89.0,24.0,0.0,
0.011259677476677832,321,0
0.0,124.0,70.0,20.0,1.0,
0.011247523192617875,120,0
6.0,111.0,64.0,39.0,0.0,
0.011116216651771205,81,4
71.0,29.3,0.767,36.0,0.0,
0.010981130209420709,728,1
92.0,52.0,0.0,0.0,
0.010932526937730391,150,1
114.0,65.0,0.0,0.0,
0.010760893831557289,190,0
9.0,123.0,70.0,0.0,
0.010760893831557289,339,0
1.0,130.0,70.0,0.0,
0.010652194614710342,314,0
2.0,112.0,68.0,0.0,
0.01060916283449942,220,1
158.0,90.0,0.0,1.0,
0.010605649251441668,232,0
4.0,122.0,68.0,0.0,
0.010605649251441668,370,0
0.0,118.0,64.0,0.0,
0.010448591626784881,648,0
0.0,107.0,60.0,25.0,0.0,
0.010398353996973225,691,0
2.0,121.0,70.0,32.0,0.0,
0.010336424758374152,584,0
1.0,93.0,56.0,0.0,
0.010306778560110086,166,1
120.0,68.0,0.0,0.0,
0.010208915500157817,554,0
7.0,124.0,70.0,0.0,
0.01019005679048908,159,0
4.0,151.0,90.0,38.0,0.0,
0.010067517135495363,473,0
4.0,114.0,64.0,0.0,
0.010067517135495363,625,0
0.0,125.0,68.0,0.0,
0.010067517135495363,372,0
2.0,105.0,58.0,0.0,
0.009982188327344876,291,6
1.224,31.0,1.0,
0.009962519192039915,180,0
0.0,119.0,64.0,0.0,
0.009681901552361538,189,0
3.0,111.0,62.0,0.0,
0.009431630636057953,435,0
12.0,140.0,85.0,33.0,0.0,
0.009360116256543122,254,0
1.0,113.0,64.0,35.0,1.0,
0.009341243717121833,158,4
114.0,40.9,0.817,47.0,1.0,
0.00933023498656603,78,0
2.0,112.0,66.0,22.0,0.0,
0.009219015245166107,439,1
189.0,104.0,25.0,1.0,
0.009188354047508923,322,0
13.0,152.0,90.0,33.0,1.0,
0.009178508239985506,195,0
1.0,105.0,58.0,0.0,
0.00912814458943273,469,0
1.0,144.0,82.0,40.0,0.0,
0.009067610016273209,146,0
2.0,106.0,64.0,0.0,
0.009067610016273209,579,0
0.0,151.0,90.0,1.0,
0.009018312092163527,666,0
10.0,111.0,70.0,27.0,1.0,
0.008763113199745542,726,0
0.0,141.0,84.0,0.0,
0.008015785299674671,601,0
1.0,124.0,74.0,36.0,0.0,
0.007890179717060797,665,0
4.0,145.0,82.0,1.0,
0.007856927210411646,329,0
8.0,118.0,72.0,19.0,0.0,
0.007824435370882732,256,0
2.0,114.0,68.0,22.0,0.0,
0.007715000007183143,290,0
0.0,107.0,62.0,30.0,1.0,
0.0073965719164965915,548,0
4.0,189.0,110.0,31.0,0.0,
0.007279179838831307,255,5
30.1,0.557,30.0,0.0,
0.0072136056142584615,262,0
3.0,142.0,80.0,0.0,
0.007129738294697374,383,0
1.0,125.0,70.0,0.0,
0.006474376553204375,729,0
3.0,130.0,78.0,1.0,
0.006431432851908059,649,0
1.0,91.0,54.0,0.0,
0.006248612907058887,210,0
0.0,147.0,85.0,54.0,0.0,
0.005936454050000373,477,0
8.0,126.0,74.0,0.0,
0.005790270975766509,188,0
5.0,139.0,80.0,1.0,
0.0056660878050800445,655,0
2.0,101.0,58.0,0.0,
0.005617768900384068,670,1
99.0,58.0,10.0,0.0,
0.005211987157788728,317,0
3.0,115.0,66.0,0.0,
0.0049665067995923184,57,5
40.5,1.781,44.0,0.0,
0.004776105291366017,459,0
9.0,120.0,72.0,0.0,
0.004725429767946432,651,0
5.0,123.0,74.0,0.0,
0.004462526236860276,197,0
4.0,109.0,64.0,1.0,
0.004462526236860276,68,0
4.0,146.0,85.0,0.0,
0.004085137685242282,356,5
39.9,0.569,44.0,1.0,
0.004065880164210944,85,5
36.6,0.178,45.0,0.0,
0.004043076604691942,647,0
11.0,136.0,84.0,1.0,
0.003287346552487469,515,0
9.0,145.0,88.0,1.0,
0.0032289666135318085,764,0
5.0,121.0,72.0,0.0,
0.0022651777879867385,247,6
0.282,34.0,0.0,
0.0022651777879867385,288,6
0.263,33.0,0.0,
0.0022651777879867385,413,6
0.534,21.0,1.0,
0.0022651777879867385,501,6
0.727,41.0,1.0,
0.0022651777879867385,529,6
0.717,22.0,0.0,
0.0022651777879867385,593,6
0.733,34.0,0.0,
0.0022442702884820642,15,6
0.551,31.0,1.0,
0.0022442702884820642,23,6
0.254,51.0,1.0,
0.0022442702884820642,27,6
0.245,57.0,0.0,
0.0022442702884820642,156,6
0.833,23.0,0.0,
0.0022442702884820642,222,6
0.687,61.0,0.0,
0.0022442702884820642,224,6
0.101,22.0,0.0,
0.0022442702884820642,344,6
0.349,49.0,0.0,
0.0022442702884820642,410,6
0.528,25.0,0.0,
0.0022442702884820642,414,6
0.258,22.0,1.0,
0.0022442702884820642,457,6
1.001,51.0,1.0,
0.0022442702884820642,475,6
0.711,29.0,1.0,
0.0022442702884820642,484,6
0.365,24.0,1.0,
0.0022442702884820642,537,6
0.804,23.0,0.0,
0.0022442702884820642,725,6
0.496,25.0,0.0,
0.001987159065152899,5,6
0.248,26.0,1.0,
0.001987159065152899,109,6
0.199,24.0,1.0,
0.001987159065152899,131,6
0.356,30.0,1.0,
0.001987159065152899,197,6
0.905,26.0,1.0,
0.001987159065152899,240,6
0.446,22.0,0.0,
0.001987159065152899,253,6
0.926,44.0,1.0,
0.001987159065152899,372,6
0.225,25.0,0.0,
0.001987159065152899,379,6
0.821,24.0,0.0,
0.001987159065152899,418,6
0.219,28.0,1.0,
0.001987159065152899,431,6
0.527,22.0,0.0,
0.001987159065152899,447,6
0.51,22.0,1.0,
0.001987159065152899,453,6
0.498,24.0,0.0,
0.001987159065152899,538,6
0.968,32.0,1.0,
0.001987159065152899,650,6
0.466,27.0,0.0,
0.001987159065152899,684,6
0.591,25.0,0.0,
0.001987159065152899,752,6
0.222,26.0,1.0,
0.001987159065152899,764,6
0.245,30.0,0.0,
0.001538652615811098,58,6
0.173,22.0,0.0,
0.001538652615811098,104,6
0.801,21.0,0.0,
0.001538652615811098,138,6
0.159,28.0,0.0,
0.001538652615811098,186,6
1.321,33.0,1.0,
0.001538652615811098,203,6
0.324,55.0,0.0,
0.001538652615811098,213,6
0.26,36.0,1.0,
0.001538652615811098,214,6
0.742,38.0,1.0,
0.001538652615811098,216,6
0.464,32.0,0.0,
0.001538652615811098,307,6
1.391,25.0,1.0,
0.001538652615811098,317,6
0.15,28.0,0.0,
0.001538652615811098,364,6
0.499,30.0,0.0,
0.001538652615811098,373,6
0.816,28.0,0.0,
0.001538652615811098,387,6
0.452,58.0,1.0,
0.001538652615811098,408,6
0.702,28.0,1.0,
0.001538652615811098,421,6
0.496,21.0,0.0,
0.001538652615811098,423,6
0.516,36.0,1.0,
0.001538652615811098,427,6
0.284,26.0,0.0,
0.001538652615811098,446,6
0.33,26.0,0.0,
0.001538652615811098,459,6
0.733,48.0,0.0,
0.001538652615811098,527,6
0.493,22.0,0.0,
0.001538652615811098,543,6
0.365,29.0,0.0,
0.001538652615811098,583,6
0.687,52.0,1.0,
0.001538652615811098,605,6
1.258,22.0,1.0,
0.001538652615811098,619,6
0.246,28.0,0.0,
0.001538652615811098,647,6
0.26,42.0,1.0,
0.001538652615811098,651,6
0.269,28.0,0.0,
0.001538652615811098,664,6
0.217,24.0,0.0,
0.001538652615811098,715,6
0.97,31.0,1.0,
0.001538652615811098,721,6
0.349,42.0,1.0,
0.001538652615811098,732,6
0.426,22.0,0.0,
0.0013098674663845067,62,6
0.699,24.0,0.0,
0.0013098674663845067,70,6
0.411,26.0,0.0,
0.0013098674663845067,91,6
0.261,42.0,0.0,
0.0013098674663845067,97,6
0.356,23.0,0.0,
0.0013098674663845067,102,6
0.283,24.0,0.0,
0.0013098674663845067,125,6
0.452,30.0,0.0,
0.0013098674663845067,152,6
0.687,23.0,0.0,
0.0013098674663845067,170,6
0.542,29.0,1.0,
0.0013098674663845067,319,6
0.527,31.0,0.0,
0.0013098674663845067,363,6
0.385,30.0,0.0,
0.0013098674663845067,370,6
1.731,21.0,0.0,
0.0013098674663845067,389,6
0.444,42.0,0.0,
0.0013098674663845067,394,6
1.6,25.0,0.0,
0.0013098674663845067,466,6
0.6,25.0,0.0,
0.0013098674663845067,468,6
0.571,27.0,0.0,
0.0013098674663845067,544,6
0.423,37.0,1.0,
0.0013098674663845067,564,6
0.748,22.0,0.0,
0.0013098674663845067,592,6
1.699,25.0,0.0,
0.0013098674663845067,608,6
0.138,23.0,0.0,
0.0013098674663845067,609,6
0.292,24.0,0.0,
0.0013098674663845067,649,6
0.234,23.0,0.0,
0.0013098674663845067,655,6
0.155,22.0,0.0,
0.0013098674663845067,720,6
0.289,21.0,0.0,
0.0013098674663845067,754,6
1.057,37.0,1.0,
0.0010715212274580166,53,6
0.718,42.0,0.0,
0.0010715212274580166,94,6
0.255,40.0,0.0,
0.0010715212274580166,190,6
0.374,40.0,0.0,
0.0010715212274580166,395,6
0.944,39.0,0.0,
0.0010715212274580166,485,6
0.536,21.0,0.0,
0.0010715212274580166,568,6
0.203,33.0,1.0,
0.0010715212274580166,596,6
0.559,21.0,0.0,
8.054775130146297E-4,6,0
10.0,115.0,0.0,
8.054775130146297E-4,7,6
0.158,53.0,1.0,
8.054775130146297E-4,8,3
0.0,0.0,1.0,
8.054775130146297E-4,11,0
10.0,139.0,0.0,
8.054775130146297E-4,14,0
7.0,100.0,1.0,
8.054775130146297E-4,19,6
0.704,27.0,0.0,
8.054775130146297E-4,24,0
10.0,125.0,1.0,
8.054775130146297E-4,24,6
0.205,41.0,1.0,
8.054775130146297E-4,30,6
0.851,28.0,1.0,
8.054775130146297E-4,31,0
3.0,88.0,0.0,
8.054775130146297E-4,34,6
0.966,33.0,0.0,
8.054775130146297E-4,38,6
1.39,56.0,1.0,
8.054775130146297E-4,48,3
0.0,0.0,0.0,
8.054775130146297E-4,50,0
1.0,101.0,0.0,
8.054775130146297E-4,52,6
0.467,58.0,1.0,
8.054775130146297E-4,56,6
0.962,31.0,0.0,
8.054775130146297E-4,57,0
0.0,146.0,0.0,
8.054775130146297E-4,59,3
0.0,0.0,0.0,
8.054775130146297E-4,67,0
1.0,95.0,0.0,
8.054775130146297E-4,68,6
0.189,27.0,0.0,
8.054775130146297E-4,77,0
0.0,131.0,1.0,
8.054775130146297E-4,80,3
0.0,0.0,0.0,
8.054775130146297E-4,84,6
0.698,27.0,0.0,
8.054775130146297E-4,85,0
13.0,106.0,0.0,
8.054775130146297E-4,93,0
2.0,142.0,0.0,
8.054775130146297E-4,96,6
0.323,22.0,0.0,
8.054775130146297E-4,98,6
0.325,31.0,1.0,
8.054775130146297E-4,106,6
0.287,37.0,0.0,
8.054775130146297E-4,107,3
31.0,18.0,0.0,
8.054775130146297E-4,108,6
0.247,24.0,1.0,
8.054775130146297E-4,119,6
0.759,25.0,1.0,
8.054775130146297E-4,124,3
42.0,99.0,1.0,
8.054775130146297E-4,125,0
3.0,120.0,0.0,
8.054775130146297E-4,126,6
0.261,23.0,0.0,
8.054775130146297E-4,136,3
25.0,92.0,0.0,
8.054775130146297E-4,144,6
0.572,21.0,0.0,
8.054775130146297E-4,146,6
1.4,34.0,0.0,
8.054775130146297E-4,149,6
0.399,24.0,0.0,
8.054775130146297E-4,151,0
9.0,156.0,1.0,
8.054775130146297E-4,151,6
1.189,42.0,1.0,
8.054775130146297E-4,155,0
2.0,99.0,0.0,
8.054775130146297E-4,155,6
0.637,21.0,0.0,
8.054775130146297E-4,157,3
19.0,53.0,0.0,
8.054775130146297E-4,160,6
0.204,45.0,0.0,
8.054775130146297E-4,170,0
6.0,134.0,1.0,
8.054775130146297E-4,174,6
0.719,36.0,1.0,
8.054775130146297E-4,187,6
0.64,31.0,1.0,
8.054775130146297E-4,188,6
0.361,25.0,1.0,
8.054775130146297E-4,192,0
11.0,135.0,1.0,
8.054775130146297E-4,194,6
0.395,29.0,1.0,
8.054775130146297E-4,196,0
3.0,107.0,1.0,
8.054775130146297E-4,207,3
27.0,87.0,0.0,
8.054775130146297E-4,215,6
0.514,25.0,1.0,
8.054775130146297E-4,221,0
7.0,119.0,0.0,
8.054775130146297E-4,223,0
1.0,100.0,0.0,
8.054775130146297E-4,228,0
0.0,117.0,0.0,
8.054775130146297E-4,230,6
0.238,46.0,1.0,
8.054775130146297E-4,233,3
28.0,45.0,0.0,
8.054775130146297E-4,243,6
0.329,29.0,0.0,
8.054775130146297E-4,246,6
0.427,23.0,0.0,
8.054775130146297E-4,255,0
3.0,111.0,0.0,
8.054775130146297E-4,264,6
0.997,43.0,0.0,
8.054775130146297E-4,265,0
0.0,138.0,1.0,
8.054775130146297E-4,270,0
2.0,108.0,0.0,
8.054775130146297E-4,276,0
0.0,104.0,0.0,
8.054775130146297E-4,276,6
0.454,23.0,0.0,
8.054775130146297E-4,278,6
0.881,22.0,0.0,
8.054775130146297E-4,280,0
10.0,129.0,0.0,
8.054775130146297E-4,280,6
0.28,39.0,0.0,
8.054775130146297E-4,284,6
0.647,51.0,0.0,
8.054775130146297E-4,285,6
0.619,34.0,0.0,
8.054775130146297E-4,287,0
4.0,96.0,0.0,
8.054775130146297E-4,292,6
0.613,24.0,1.0,
8.054775130146297E-4,294,3
31.0,120.0,0.0,
8.054775130146297E-4,295,6
0.337,29.0,1.0,
8.054775130146297E-4,298,0
8.0,112.0,0.0,
8.054775130146297E-4,300,6
0.422,25.0,1.0,
8.054775130146297E-4,304,6
0.215,29.0,0.0,
8.054775130146297E-4,308,6
0.875,30.0,1.0,
8.054775130146297E-4,310,6
0.605,22.0,0.0,
8.054775130146297E-4,314,3
22.0,94.0,0.0,
8.054775130146297E-4,325,6
0.692,30.0,1.0,
8.054775130146297E-4,328,6
0.122,37.0,0.0,
8.054775130146297E-4,330,6
0.166,25.0,0.0,
8.054775130146297E-4,333,0
1.0,95.0,0.0,
8.054775130146297E-4,334,6
0.259,26.0,0.0,
8.054775130146297E-4,337,6
0.893,33.0,1.0,
8.054775130146297E-4,353,3
0.0,0.0,0.0,
8.054775130146297E-4,355,6
0.962,28.0,1.0,
8.054775130146297E-4,358,6
0.875,29.0,1.0,
8.054775130146297E-4,364,0
5.0,99.0,0.0,
8.054775130146297E-4,367,3
16.0,66.0,0.0,
8.054775130146297E-4,369,6
2.137,25.0,1.0,
8.054775130146297E-4,374,6
0.528,58.0,1.0,
8.054775130146297E-4,376,6
0.509,22.0,0.0,
8.054775130146297E-4,381,6
0.947,21.0,0.0,
8.054775130146297E-4,383,6
0.221,25.0,0.0,
8.054775130146297E-4,391,6
0.389,21.0,0.0,
8.054775130146297E-4,401,6
0.286,35.0,1.0,
8.054775130146297E-4,411,6
1.076,22.0,0.0,
8.054775130146297E-4,412,0
1.0,143.0,0.0,
8.054775130146297E-4,424,6
0.264,31.0,1.0,
8.054775130146297E-4,434,0
0.0,141.0,1.0,
8.054775130146297E-4,440,6
0.497,22.0,0.0,
8.054775130146297E-4,441,0
4.0,117.0,0.0,
8.054775130146297E-4,441,6
0.23,24.0,0.0,
8.054775130146297E-4,448,0
0.0,120.0,0.0,
8.054775130146297E-4,453,0
2.0,100.0,0.0,
8.054775130146297E-4,456,3
28.0,71.0,0.0,
8.054775130146297E-4,458,0
9.0,134.0,0.0,
8.054775130146297E-4,467,0
8.0,120.0,1.0,
8.054775130146297E-4,468,0
6.0,154.0,0.0,
8.054775130146297E-4,477,6
0.162,39.0,0.0,
8.054775130146297E-4,479,6
0.344,35.0,1.0,
8.054775130146297E-4,481,0
4.0,85.0,0.0,
8.054775130146297E-4,483,0
0.0,145.0,1.0,
8.054775130146297E-4,486,6
1.159,58.0,0.0,
8.054775130146297E-4,492,0
4.0,125.0,1.0,
8.054775130146297E-4,492,6
1.144,45.0,1.0,
8.054775130146297E-4,493,3
0.0,0.0,0.0,
8.054775130146297E-4,498,6
0.839,39.0,0.0,
8.054775130146297E-4,505,0
0.0,180.0,1.0,
8.054775130146297E-4,506,6
0.692,21.0,0.0,
8.054775130146297E-4,507,0
2.0,84.0,0.0,
8.054775130146297E-4,507,6
0.968,21.0,0.0,
8.054775130146297E-4,510,6
0.207,21.0,0.0,
8.054775130146297E-4,513,0
3.0,99.0,0.0,
8.054775130146297E-4,513,6
0.154,24.0,0.0,
8.054775130146297E-4,515,6
0.771,53.0,1.0,
8.054775130146297E-4,520,6
0.305,26.0,0.0,
8.054775130146297E-4,521,3
0.0,0.0,0.0,
8.054775130146297E-4,525,6
0.299,21.0,0.0,
8.054775130146297E-4,529,0
2.0,122.0,0.0,
8.054775130146297E-4,532,0
6.0,91.0,0.0,
8.054775130146297E-4,534,0
4.0,132.0,1.0,
8.054775130146297E-4,539,6
0.661,43.0,1.0,
8.054775130146297E-4,540,6
0.549,27.0,1.0,
8.054775130146297E-4,546,6
0.16,28.0,0.0,
8.054775130146297E-4,547,0
1.0,164.0,0.0,
8.054775130146297E-4,550,3
30.0,106.0,0.0,
8.054775130146297E-4,553,3
23.0,115.0,0.0,
8.054775130146297E-4,554,6
0.161,37.0,0.0,
8.054775130146297E-4,562,0
6.0,99.0,0.0,
8.054775130146297E-4,564,0
2.0,95.0,0.0,
8.054775130146297E-4,565,3
30.0,18.0,0.0,
8.054775130146297E-4,566,6
0.085,46.0,0.0,
8.054775130146297E-4,567,6
0.338,37.0,0.0,
8.054775130146297E-4,571,0
3.0,111.0,0.0,
8.054775130146297E-4,573,6
0.892,23.0,0.0,
8.054775130146297E-4,579,3
46.0,0.0,1.0,
8.054775130146297E-4,590,6
0.175,24.0,0.0,
8.054775130146297E-4,600,0
6.0,96.0,0.0,
8.054775130146297E-4,602,0
7.0,150.0,1.0,
8.054775130146297E-4,602,6
0.692,54.0,1.0,
8.054775130146297E-4,607,6
0.27,27.0,0.0,
8.054775130146297E-4,611,6
0.787,40.0,1.0,
8.054775130146297E-4,613,0
11.0,138.0,1.0,
8.054775130146297E-4,618,0
0.0,119.0,1.0,
8.054775130146297E-4,630,6
0.238,24.0,0.0,
8.054775130146297E-4,636,3
18.0,66.0,0.0,
8.054775130146297E-4,637,3
32.0,91.0,1.0,
8.054775130146297E-4,642,0
4.0,90.0,0.0,
8.054775130146297E-4,643,6
0.73,27.0,0.0,
8.054775130146297E-4,644,6
0.134,30.0,0.0,
8.054775130146297E-4,650,0
1.0,117.0,0.0,
8.054775130146297E-4,656,6
1.162,41.0,0.0,
8.054775130146297E-4,658,3
31.0,70.0,1.0,
8.054775130146297E-4,660,3
43.0,0.0,1.0,
8.054775130146297E-4,661,6
0.165,43.0,1.0,
8.054775130146297E-4,662,6
0.637,40.0,1.0,
8.054775130146297E-4,667,6
0.43,43.0,0.0,
8.054775130146297E-4,668,6
0.164,45.0,0.0,
8.054775130146297E-4,678,6
0.614,23.0,0.0,
8.054775130146297E-4,679,6
0.332,22.0,0.0,
8.054775130146297E-4,681,3
39.0,105.0,0.0,
8.054775130146297E-4,683,0
5.0,136.0,0.0,
8.054775130146297E-4,687,6
0.828,23.0,0.0,
8.054775130146297E-4,688,6
0.335,46.0,1.0,
8.054775130146297E-4,692,6
0.439,43.0,1.0,
8.054775130146297E-4,694,6
0.128,43.0,1.0,
8.054775130146297E-4,699,6
0.483,26.0,0.0,
8.054775130146297E-4,717,6
0.415,24.0,0.0,
8.054775130146297E-4,735,6
0.515,21.0,0.0,
8.054775130146297E-4,737,6
0.453,21.0,0.0,
8.054775130146297E-4,739,0
11.0,120.0,1.0,
8.054775130146297E-4,741,0
1.0,109.0,0.0,
8.054775130146297E-4,743,0
13.0,153.0,0.0,
8.054775130146297E-4,743,6
1.174,39.0,0.0,
8.054775130146297E-4,744,6
0.488,46.0,0.0,
8.054775130146297E-4,750,6
0.261,28.0,0.0,
8.054775130146297E-4,759,3
26.0,16.0,0.0,
8.054775130146297E-4,762,6
0.171,63.0,0.0,
